genes	Bio	RA	SB5050124	SU5402	Conectivity_ATAC_vs_RNA
ENSDARG00000000002	1	0	0	1	2
ENSDARG00000000175	0	1	1	1	3
ENSDARG00000000861	0	0	1	0	1
ENSDARG00000000906	0	0	1	1	2
ENSDARG00000001014	1	0	1	0	2
ENSDARG00000001431	0	0	1	1	2
ENSDARG00000001447	1	0	0	0	1
ENSDARG00000001498	0	1	1	0	2
ENSDARG00000001549	0	0	1	1	2
ENSDARG00000001634	0	0	1	0	1
ENSDARG00000001676	0	0	1	1	2
ENSDARG00000001733	0	0	1	0	1
ENSDARG00000001767	0	0	1	0	1
ENSDARG00000001785	1	0	0	0	1
ENSDARG00000001870	0	0	1	0	1
ENSDARG00000001930	1	0	0	0	1
ENSDARG00000001950	1	0	1	0	2
ENSDARG00000001968	0	0	1	0	1
ENSDARG00000001976	0	0	1	0	1
ENSDARG00000002013	0	0	1	0	1
ENSDARG00000002037	1	0	0	1	2
ENSDARG00000002172	0	0	1	0	1
ENSDARG00000002241	0	0	0	1	1
ENSDARG00000002299	1	0	1	0	2
ENSDARG00000002336	1	0	0	1	2
ENSDARG00000002411	0	0	1	0	1
ENSDARG00000002509	1	0	0	0	1
ENSDARG00000002510	0	0	1	1	2
ENSDARG00000002644	0	0	1	0	1
ENSDARG00000002656	0	0	1	0	1
ENSDARG00000002880	1	0	1	0	2
ENSDARG00000002916	0	0	1	0	1
ENSDARG00000002933	0	0	0	1	1
ENSDARG00000003046	0	0	1	0	1
ENSDARG00000003098	0	0	1	0	1
ENSDARG00000003169	0	0	1	1	2
ENSDARG00000003203	1	0	0	0	1
ENSDARG00000003206	1	0	1	0	2
ENSDARG00000003207	0	0	1	0	1
ENSDARG00000003216	1	0	1	0	2
ENSDARG00000003293	1	1	0	0	2
ENSDARG00000003307	1	0	0	0	1
ENSDARG00000003308	1	0	0	0	1
ENSDARG00000003313	0	0	0	1	1
ENSDARG00000003344	0	0	0	1	1
ENSDARG00000003382	0	0	1	0	1
ENSDARG00000003411	0	0	1	0	1
ENSDARG00000003469	1	0	1	0	2
ENSDARG00000003706	0	0	1	0	1
ENSDARG00000003754	0	0	1	1	2
ENSDARG00000003820	0	0	1	0	1
ENSDARG00000003865	1	0	0	0	1
ENSDARG00000003872	0	0	1	0	1
ENSDARG00000003910	1	0	0	0	1
ENSDARG00000003963	0	0	1	0	1
ENSDARG00000003971	1	0	1	1	3
ENSDARG00000004015	0	0	0	1	1
ENSDARG00000004060	0	0	1	0	1
ENSDARG00000004176	1	0	1	1	3
ENSDARG00000004177	1	0	1	0	2
ENSDARG00000004246	0	0	0	1	1
ENSDARG00000004328	0	0	1	0	1
ENSDARG00000004363	0	0	1	0	1
ENSDARG00000004372	0	0	1	0	1
ENSDARG00000004377	0	0	1	0	1
ENSDARG00000004402	0	0	1	0	1
ENSDARG00000004451	0	0	1	0	1
ENSDARG00000004588	0	0	1	0	1
ENSDARG00000004635	0	0	0	1	1
ENSDARG00000004643	0	0	1	0	1
ENSDARG00000004658	1	0	1	1	3
ENSDARG00000004735	1	0	1	0	2
ENSDARG00000004782	0	0	0	1	1
ENSDARG00000004906	1	0	0	0	1
ENSDARG00000004954	0	0	1	0	1
ENSDARG00000004979	1	0	0	0	1
ENSDARG00000005004	1	0	0	0	1
ENSDARG00000005026	1	1	0	0	2
ENSDARG00000005057	1	0	0	0	1
ENSDARG00000005104	0	0	1	0	1
ENSDARG00000005128	0	0	1	0	1
ENSDARG00000005154	0	0	1	0	1
ENSDARG00000005216	0	0	1	0	1
ENSDARG00000005284	0	0	0	1	1
ENSDARG00000005320	1	0	0	0	1
ENSDARG00000005356	1	0	1	0	2
ENSDARG00000005364	0	0	1	0	1
ENSDARG00000005394	0	0	1	1	2
ENSDARG00000005425	0	0	1	1	2
ENSDARG00000005456	1	0	0	0	1
ENSDARG00000005462	1	0	0	0	1
ENSDARG00000005482	0	0	0	1	1
ENSDARG00000005541	0	0	0	1	1
ENSDARG00000005544	0	0	1	0	1
ENSDARG00000005559	1	0	0	0	1
ENSDARG00000005673	0	0	1	0	1
ENSDARG00000005699	0	0	1	0	1
ENSDARG00000005713	0	0	0	1	1
ENSDARG00000005739	0	0	1	0	1
ENSDARG00000005762	0	0	1	1	2
ENSDARG00000005774	0	0	1	0	1
ENSDARG00000005786	0	0	1	1	2
ENSDARG00000005834	0	0	1	0	1
ENSDARG00000005861	0	0	0	1	1
ENSDARG00000005891	0	0	0	1	1
ENSDARG00000006079	1	1	1	1	4
ENSDARG00000006110	0	0	1	1	2
ENSDARG00000006299	1	0	0	0	1
ENSDARG00000006332	0	0	0	1	1
ENSDARG00000006353	0	0	1	0	1
ENSDARG00000006397	0	0	1	0	1
ENSDARG00000006427	1	0	0	0	1
ENSDARG00000006491	1	0	1	0	2
ENSDARG00000006508	0	0	0	1	1
ENSDARG00000006526	0	0	1	1	2
ENSDARG00000006602	1	0	1	0	2
ENSDARG00000006640	0	0	1	0	1
ENSDARG00000006672	0	0	1	0	1
ENSDARG00000006754	1	0	1	0	2
ENSDARG00000006760	0	0	1	0	1
ENSDARG00000006786	0	0	1	0	1
ENSDARG00000006816	0	0	0	1	1
ENSDARG00000006832	1	0	1	1	3
ENSDARG00000006877	0	0	1	0	1
ENSDARG00000006892	1	0	0	0	1
ENSDARG00000006896	0	0	1	0	1
ENSDARG00000006911	1	0	0	0	1
ENSDARG00000006983	0	0	1	0	1
ENSDARG00000007034	0	0	1	1	2
ENSDARG00000007097	0	1	1	0	2
ENSDARG00000007149	0	0	1	0	1
ENSDARG00000007179	0	0	1	0	1
ENSDARG00000007184	0	1	0	1	2
ENSDARG00000007219	1	0	0	0	1
ENSDARG00000007220	1	0	0	0	1
ENSDARG00000007277	0	0	0	1	1
ENSDARG00000007289	1	0	1	1	3
ENSDARG00000007329	0	0	0	1	1
ENSDARG00000007349	0	0	1	0	1
ENSDARG00000007377	0	0	1	0	1
ENSDARG00000007398	1	0	1	1	3
ENSDARG00000007430	0	0	0	1	1
ENSDARG00000007523	0	0	1	0	1
ENSDARG00000007560	0	0	1	0	1
ENSDARG00000007582	1	0	0	0	1
ENSDARG00000007711	0	0	1	0	1
ENSDARG00000007823	1	0	0	0	1
ENSDARG00000007885	0	0	0	1	1
ENSDARG00000007891	0	0	1	0	1
ENSDARG00000007912	0	1	0	0	1
ENSDARG00000007982	0	0	1	0	1
ENSDARG00000008030	0	0	1	0	1
ENSDARG00000008140	0	0	0	1	1
ENSDARG00000008170	0	0	1	1	2
ENSDARG00000008174	1	1	0	1	3
ENSDARG00000008278	0	0	1	0	1
ENSDARG00000008305	0	1	0	0	1
ENSDARG00000008372	0	0	1	1	2
ENSDARG00000008413	0	0	1	0	1
ENSDARG00000008487	0	0	1	0	1
ENSDARG00000008503	1	0	0	0	1
ENSDARG00000008541	0	0	0	1	1
ENSDARG00000008575	0	0	1	0	1
ENSDARG00000008637	0	0	1	0	1
ENSDARG00000008767	1	0	0	0	1
ENSDARG00000008852	1	0	1	0	2
ENSDARG00000008861	0	0	0	1	1
ENSDARG00000009014	0	0	1	0	1
ENSDARG00000009018	0	0	1	0	1
ENSDARG00000009020	1	0	0	1	2
ENSDARG00000009031	0	0	1	0	1
ENSDARG00000009194	1	1	1	1	4
ENSDARG00000009252	0	0	0	1	1
ENSDARG00000009262	0	0	1	1	2
ENSDARG00000009299	1	0	1	0	2
ENSDARG00000009336	1	0	0	0	1
ENSDARG00000009418	1	0	0	0	1
ENSDARG00000009443	0	0	1	0	1
ENSDARG00000009499	1	0	0	0	1
ENSDARG00000009534	0	0	0	1	1
ENSDARG00000009689	0	0	0	1	1
ENSDARG00000009693	0	0	1	0	1
ENSDARG00000009724	1	0	0	0	1
ENSDARG00000009733	1	0	1	0	2
ENSDARG00000009823	0	0	0	1	1
ENSDARG00000009830	0	0	1	0	1
ENSDARG00000009899	0	0	1	0	1
ENSDARG00000009922	1	0	1	0	2
ENSDARG00000010083	1	0	1	0	2
ENSDARG00000010085	0	0	1	1	2
ENSDARG00000010132	1	0	0	0	1
ENSDARG00000010192	1	0	0	0	1
ENSDARG00000010207	1	0	1	0	2
ENSDARG00000010266	0	0	1	0	1
ENSDARG00000010437	0	0	0	1	1
ENSDARG00000010478	1	1	0	0	2
ENSDARG00000010519	0	0	1	0	1
ENSDARG00000010583	0	0	1	0	1
ENSDARG00000010654	0	0	1	0	1
ENSDARG00000010710	1	0	1	0	2
ENSDARG00000010727	0	0	0	1	1
ENSDARG00000010756	1	0	0	0	1
ENSDARG00000010941	0	0	1	0	1
ENSDARG00000010957	0	0	1	0	1
ENSDARG00000010962	0	0	0	1	1
ENSDARG00000011027	0	0	1	0	1
ENSDARG00000011170	0	0	1	0	1
ENSDARG00000011171	1	0	0	0	1
ENSDARG00000011188	0	0	1	1	2
ENSDARG00000011190	0	0	1	0	1
ENSDARG00000011235	1	0	0	0	1
ENSDARG00000011257	0	0	1	0	1
ENSDARG00000011317	1	0	1	0	2
ENSDARG00000011326	0	0	1	0	1
ENSDARG00000011376	0	0	1	0	1
ENSDARG00000011410	0	0	1	0	1
ENSDARG00000011498	0	1	0	0	1
ENSDARG00000011521	0	0	1	0	1
ENSDARG00000011533	0	0	1	1	2
ENSDARG00000011564	1	0	1	0	2
ENSDARG00000011573	1	1	0	1	3
ENSDARG00000011672	0	0	1	0	1
ENSDARG00000011673	0	0	1	0	1
ENSDARG00000011821	0	0	1	0	1
ENSDARG00000011825	0	0	1	0	1
ENSDARG00000011921	1	0	0	0	1
ENSDARG00000012016	0	0	1	1	2
ENSDARG00000012019	1	0	0	0	1
ENSDARG00000012113	0	0	0	1	1
ENSDARG00000012138	1	0	0	0	1
ENSDARG00000012194	1	0	1	1	3
ENSDARG00000012244	1	0	0	0	1
ENSDARG00000012248	0	0	1	0	1
ENSDARG00000012314	0	0	1	0	1
ENSDARG00000012368	1	0	1	1	3
ENSDARG00000012586	0	0	1	0	1
ENSDARG00000012694	0	0	1	0	1
ENSDARG00000012726	0	0	1	0	1
ENSDARG00000012796	1	0	0	0	1
ENSDARG00000012801	0	0	1	0	1
ENSDARG00000012881	0	0	1	0	1
ENSDARG00000012927	0	0	0	1	1
ENSDARG00000012942	0	0	0	1	1
ENSDARG00000012968	0	0	1	1	2
ENSDARG00000013000	0	0	1	0	1
ENSDARG00000013023	1	0	0	0	1
ENSDARG00000013057	0	0	1	0	1
ENSDARG00000013072	0	0	1	0	1
ENSDARG00000013075	1	0	1	0	2
ENSDARG00000013224	1	0	0	1	2
ENSDARG00000013252	0	0	1	1	2
ENSDARG00000013312	0	0	1	1	2
ENSDARG00000013409	0	0	1	0	1
ENSDARG00000013434	1	0	0	0	1
ENSDARG00000013441	1	0	1	1	3
ENSDARG00000013524	0	0	0	1	1
ENSDARG00000013533	0	0	1	1	2
ENSDARG00000013575	0	0	1	0	1
ENSDARG00000013576	0	0	1	0	1
ENSDARG00000013615	1	1	1	1	4
ENSDARG00000013755	0	0	1	0	1
ENSDARG00000013837	0	0	0	1	1
ENSDARG00000013853	0	0	1	0	1
ENSDARG00000013863	0	0	1	0	1
ENSDARG00000013973	1	0	0	0	1
ENSDARG00000013997	1	0	1	0	2
ENSDARG00000014018	0	1	1	1	3
ENSDARG00000014050	0	0	1	1	2
ENSDARG00000014081	0	0	1	0	1
ENSDARG00000014091	0	0	1	0	1
ENSDARG00000014101	0	0	1	0	1
ENSDARG00000014180	1	0	1	1	3
ENSDARG00000014181	0	0	1	0	1
ENSDARG00000014259	1	0	1	0	2
ENSDARG00000014302	1	0	0	0	1
ENSDARG00000014358	1	0	0	0	1
ENSDARG00000014480	0	1	0	0	1
ENSDARG00000014626	0	0	1	0	1
ENSDARG00000014646	0	0	1	0	1
ENSDARG00000014680	0	0	1	0	1
ENSDARG00000014704	1	0	0	0	1
ENSDARG00000014717	0	0	1	0	1
ENSDARG00000014796	1	1	1	1	4
ENSDARG00000014891	1	0	1	1	3
ENSDARG00000015010	0	0	1	0	1
ENSDARG00000015016	1	0	1	1	3
ENSDARG00000015053	0	0	1	0	1
ENSDARG00000015156	0	0	1	0	1
ENSDARG00000015199	0	0	0	1	1
ENSDARG00000015273	0	0	1	0	1
ENSDARG00000015449	0	0	1	0	1
ENSDARG00000015460	0	0	1	0	1
ENSDARG00000015536	1	0	1	1	3
ENSDARG00000015552	1	0	0	0	1
ENSDARG00000015575	0	0	1	0	1
ENSDARG00000015674	1	0	0	0	1
ENSDARG00000015866	0	0	1	0	1
ENSDARG00000015879	0	0	1	0	1
ENSDARG00000015890	0	0	1	0	1
ENSDARG00000015891	0	0	0	1	1
ENSDARG00000015930	0	0	1	0	1
ENSDARG00000015985	0	0	1	0	1
ENSDARG00000016128	0	0	0	1	1
ENSDARG00000016163	1	0	1	0	2
ENSDARG00000016200	0	0	0	1	1
ENSDARG00000016302	0	0	0	1	1
ENSDARG00000016357	0	0	1	0	1
ENSDARG00000016447	1	0	0	0	1
ENSDARG00000016526	0	0	1	1	2
ENSDARG00000016551	0	0	1	0	1
ENSDARG00000016674	0	0	1	0	1
ENSDARG00000016676	1	0	0	0	1
ENSDARG00000016706	0	0	1	1	2
ENSDARG00000016710	0	0	0	1	1
ENSDARG00000016754	0	0	1	0	1
ENSDARG00000016815	0	0	1	0	1
ENSDARG00000016868	0	0	1	0	1
ENSDARG00000016875	0	0	1	0	1
ENSDARG00000016904	1	0	0	0	1
ENSDARG00000016936	0	0	1	0	1
ENSDARG00000016981	0	0	1	0	1
ENSDARG00000016994	0	0	0	1	1
ENSDARG00000017038	0	0	1	0	1
ENSDARG00000017058	1	0	1	0	2
ENSDARG00000017107	0	0	1	0	1
ENSDARG00000017121	1	0	1	0	2
ENSDARG00000017174	0	0	1	0	1
ENSDARG00000017211	0	0	1	0	1
ENSDARG00000017220	0	0	1	0	1
ENSDARG00000017255	1	0	1	1	3
ENSDARG00000017294	1	0	0	0	1
ENSDARG00000017354	0	0	1	0	1
ENSDARG00000017369	0	1	1	0	2
ENSDARG00000017537	0	0	0	1	1
ENSDARG00000017569	0	0	1	0	1
ENSDARG00000017687	0	0	1	0	1
ENSDARG00000017728	0	0	0	1	1
ENSDARG00000017757	0	0	1	0	1
ENSDARG00000017775	0	0	0	1	1
ENSDARG00000017780	1	0	1	1	3
ENSDARG00000017880	1	0	1	0	2
ENSDARG00000017901	0	0	1	0	1
ENSDARG00000017985	1	0	0	0	1
ENSDARG00000017986	1	0	1	0	2
ENSDARG00000018025	0	0	1	0	1
ENSDARG00000018040	1	0	0	1	2
ENSDARG00000018048	0	0	1	0	1
ENSDARG00000018109	0	1	1	1	3
ENSDARG00000018149	0	0	1	0	1
ENSDARG00000018162	0	0	1	0	1
ENSDARG00000018303	0	0	0	1	1
ENSDARG00000018383	0	0	1	0	1
ENSDARG00000018393	0	0	1	0	1
ENSDARG00000018397	0	1	1	0	2
ENSDARG00000018423	1	0	0	0	1
ENSDARG00000018506	0	0	1	0	1
ENSDARG00000018553	0	0	0	1	1
ENSDARG00000018559	0	0	1	0	1
ENSDARG00000018602	0	0	1	0	1
ENSDARG00000018618	0	0	0	1	1
ENSDARG00000018619	0	0	0	1	1
ENSDARG00000018623	1	0	0	0	1
ENSDARG00000018627	0	0	0	1	1
ENSDARG00000018787	1	0	0	0	1
ENSDARG00000018809	0	0	1	0	1
ENSDARG00000018820	0	0	0	1	1
ENSDARG00000018854	0	0	1	0	1
ENSDARG00000018923	0	0	1	0	1
ENSDARG00000018944	0	0	1	0	1
ENSDARG00000018953	1	0	0	0	1
ENSDARG00000018958	0	0	1	0	1
ENSDARG00000018968	1	0	1	0	2
ENSDARG00000018984	1	0	0	1	2
ENSDARG00000019231	0	0	1	1	2
ENSDARG00000019235	0	0	0	1	1
ENSDARG00000019307	1	0	0	0	1
ENSDARG00000019345	1	0	0	1	2
ENSDARG00000019353	0	0	1	0	1
ENSDARG00000019501	0	0	1	0	1
ENSDARG00000019516	0	1	1	1	3
ENSDARG00000019579	1	0	1	1	3
ENSDARG00000019585	1	0	1	0	2
ENSDARG00000019658	0	0	1	0	1
ENSDARG00000019693	0	0	1	0	1
ENSDARG00000019706	0	0	1	0	1
ENSDARG00000019797	1	0	0	0	1
ENSDARG00000019815	1	0	1	0	2
ENSDARG00000019835	0	0	1	0	1
ENSDARG00000019856	0	0	0	1	1
ENSDARG00000019877	0	0	1	0	1
ENSDARG00000019897	1	0	0	0	1
ENSDARG00000019920	0	0	1	0	1
ENSDARG00000019945	0	0	1	0	1
ENSDARG00000019969	0	0	0	1	1
ENSDARG00000020053	1	0	0	0	1
ENSDARG00000020080	1	0	0	0	1
ENSDARG00000020114	0	0	1	0	1
ENSDARG00000020164	1	0	0	0	1
ENSDARG00000020178	0	0	1	0	1
ENSDARG00000020204	0	0	1	0	1
ENSDARG00000020235	0	0	1	0	1
ENSDARG00000020242	0	0	1	0	1
ENSDARG00000020328	0	0	1	1	2
ENSDARG00000020417	0	0	1	1	2
ENSDARG00000020447	0	0	0	1	1
ENSDARG00000020469	1	0	0	0	1
ENSDARG00000020494	1	0	0	0	1
ENSDARG00000020541	0	0	1	1	2
ENSDARG00000020544	0	0	1	0	1
ENSDARG00000020611	0	0	1	0	1
ENSDARG00000020618	1	0	1	0	2
ENSDARG00000020693	0	0	1	0	1
ENSDARG00000020699	0	0	0	1	1
ENSDARG00000020708	0	0	1	0	1
ENSDARG00000020759	1	0	0	0	1
ENSDARG00000020771	1	0	0	0	1
ENSDARG00000020811	0	0	1	0	1
ENSDARG00000020863	0	0	1	0	1
ENSDARG00000020872	0	0	1	0	1
ENSDARG00000020884	0	0	0	1	1
ENSDARG00000020929	0	0	1	0	1
ENSDARG00000020953	0	0	0	1	1
ENSDARG00000021032	0	0	0	1	1
ENSDARG00000021113	0	0	1	1	2
ENSDARG00000021154	0	0	1	1	2
ENSDARG00000021163	0	0	0	1	1
ENSDARG00000021193	1	0	0	0	1
ENSDARG00000021201	0	0	1	0	1
ENSDARG00000021208	0	0	1	0	1
ENSDARG00000021225	1	0	0	1	2
ENSDARG00000021232	0	0	1	1	2
ENSDARG00000021442	0	0	1	0	1
ENSDARG00000021509	1	0	0	0	1
ENSDARG00000021539	0	0	1	0	1
ENSDARG00000021735	1	0	0	0	1
ENSDARG00000021853	0	0	0	1	1
ENSDARG00000021882	1	0	0	0	1
ENSDARG00000021987	0	0	1	0	1
ENSDARG00000022261	0	0	1	0	1
ENSDARG00000022280	0	0	1	0	1
ENSDARG00000022303	0	0	1	0	1
ENSDARG00000022418	1	0	0	0	1
ENSDARG00000022456	0	0	1	1	2
ENSDARG00000022599	0	0	1	0	1
ENSDARG00000022996	0	0	1	0	1
ENSDARG00000023104	0	0	0	1	1
ENSDARG00000023117	0	0	1	0	1
ENSDARG00000023472	0	0	1	1	2
ENSDARG00000023479	1	0	1	0	2
ENSDARG00000023542	0	1	1	1	3
ENSDARG00000023600	0	0	0	1	1
ENSDARG00000023713	0	0	1	0	1
ENSDARG00000023759	0	0	0	1	1
ENSDARG00000023840	0	1	0	0	1
ENSDARG00000023933	0	0	1	1	2
ENSDARG00000023988	0	0	1	0	1
ENSDARG00000024112	0	0	1	0	1
ENSDARG00000024431	0	0	1	0	1
ENSDARG00000024708	0	0	1	0	1
ENSDARG00000024865	0	0	0	1	1
ENSDARG00000024920	0	0	0	1	1
ENSDARG00000025074	1	0	0	0	1
ENSDARG00000025131	0	0	1	1	2
ENSDARG00000025348	1	0	1	1	3
ENSDARG00000025372	0	0	1	0	1
ENSDARG00000025595	1	0	1	0	2
ENSDARG00000025615	0	1	1	0	2
ENSDARG00000025904	0	0	1	0	1
ENSDARG00000025920	0	0	1	1	2
ENSDARG00000025953	0	0	1	0	1
ENSDARG00000026137	0	0	1	0	1
ENSDARG00000026165	1	0	1	0	2
ENSDARG00000026166	0	0	0	1	1
ENSDARG00000026329	0	0	1	0	1
ENSDARG00000026350	0	0	1	0	1
ENSDARG00000026395	0	1	0	0	1
ENSDARG00000026489	0	0	1	1	2
ENSDARG00000026531	1	0	1	1	3
ENSDARG00000026599	0	0	1	0	1
ENSDARG00000026616	0	1	0	0	1
ENSDARG00000026784	0	0	0	1	1
ENSDARG00000026892	0	0	0	1	1
ENSDARG00000027041	0	0	0	1	1
ENSDARG00000027065	0	0	0	1	1
ENSDARG00000027159	0	0	1	0	1
ENSDARG00000027397	0	0	1	0	1
ENSDARG00000027423	0	0	1	0	1
ENSDARG00000027586	1	0	0	0	1
ENSDARG00000027687	0	0	1	0	1
ENSDARG00000027724	1	0	0	0	1
ENSDARG00000027777	1	0	1	0	2
ENSDARG00000027887	1	0	0	1	2
ENSDARG00000027899	0	0	1	0	1
ENSDARG00000027915	0	0	1	0	1
ENSDARG00000027930	0	1	1	0	2
ENSDARG00000028012	0	0	0	1	1
ENSDARG00000028048	0	0	1	1	2
ENSDARG00000028106	0	0	1	0	1
ENSDARG00000028118	0	0	1	0	1
ENSDARG00000028148	0	0	1	1	2
ENSDARG00000028159	0	0	1	0	1
ENSDARG00000028198	1	0	0	0	1
ENSDARG00000028222	0	0	1	0	1
ENSDARG00000028228	0	0	1	0	1
ENSDARG00000028336	0	0	1	0	1
ENSDARG00000028348	1	0	0	0	1
ENSDARG00000028523	0	0	1	0	1
ENSDARG00000028533	1	0	1	0	2
ENSDARG00000028661	1	0	1	0	2
ENSDARG00000028784	1	0	0	0	1
ENSDARG00000028800	1	0	1	0	2
ENSDARG00000028857	0	0	1	0	1
ENSDARG00000029071	0	0	1	0	1
ENSDARG00000029105	0	1	0	1	2
ENSDARG00000029146	0	0	1	0	1
ENSDARG00000029150	0	0	1	0	1
ENSDARG00000029291	0	0	1	0	1
ENSDARG00000029353	0	0	1	0	1
ENSDARG00000029381	1	0	0	0	1
ENSDARG00000029439	0	0	1	1	2
ENSDARG00000029501	0	0	1	1	2
ENSDARG00000029609	1	0	0	0	1
ENSDARG00000029689	0	0	0	1	1
ENSDARG00000029881	0	0	1	0	1
ENSDARG00000030006	0	0	1	0	1
ENSDARG00000030053	1	0	0	0	1
ENSDARG00000030094	0	0	1	0	1
ENSDARG00000030107	0	0	0	1	1
ENSDARG00000030125	0	0	1	0	1
ENSDARG00000030129	0	0	1	0	1
ENSDARG00000030166	0	0	0	1	1
ENSDARG00000030289	0	0	1	0	1
ENSDARG00000030402	0	0	1	0	1
ENSDARG00000030508	0	0	0	1	1
ENSDARG00000030547	1	0	1	0	2
ENSDARG00000030633	0	0	1	0	1
ENSDARG00000030743	1	0	0	1	2
ENSDARG00000030756	1	0	0	0	1
ENSDARG00000030761	0	0	1	0	1
ENSDARG00000030949	1	0	0	0	1
ENSDARG00000030999	0	0	1	0	1
ENSDARG00000031049	1	0	1	0	2
ENSDARG00000031100	1	0	1	0	2
ENSDARG00000031108	0	0	1	0	1
ENSDARG00000031136	0	0	1	1	2
ENSDARG00000031138	1	0	1	0	2
ENSDARG00000031150	0	0	0	1	1
ENSDARG00000031200	1	0	0	0	1
ENSDARG00000031203	1	0	1	0	2
ENSDARG00000031222	1	0	1	1	3
ENSDARG00000031228	0	0	0	1	1
ENSDARG00000031269	0	1	1	1	3
ENSDARG00000031307	1	0	1	0	2
ENSDARG00000031345	0	0	1	0	1
ENSDARG00000031422	0	0	1	0	1
ENSDARG00000031506	0	0	1	0	1
ENSDARG00000031702	1	0	1	0	2
ENSDARG00000031720	0	0	1	0	1
ENSDARG00000031768	0	1	1	0	2
ENSDARG00000031891	0	0	1	0	1
ENSDARG00000031911	0	0	1	0	1
ENSDARG00000031956	0	0	0	1	1
ENSDARG00000031983	1	0	0	0	1
ENSDARG00000032010	1	0	1	1	3
ENSDARG00000032072	0	0	1	0	1
ENSDARG00000032188	0	0	1	0	1
ENSDARG00000032206	0	0	1	0	1
ENSDARG00000032264	0	0	0	1	1
ENSDARG00000032326	0	0	1	0	1
ENSDARG00000032435	0	0	0	1	1
ENSDARG00000032535	1	0	1	0	2
ENSDARG00000032614	0	0	1	0	1
ENSDARG00000032617	0	0	1	0	1
ENSDARG00000032623	0	0	1	0	1
ENSDARG00000032639	0	0	1	1	2
ENSDARG00000032705	1	0	0	0	1
ENSDARG00000032761	0	0	1	0	1
ENSDARG00000032765	0	0	1	0	1
ENSDARG00000032808	1	0	0	0	1
ENSDARG00000032885	0	0	1	0	1
ENSDARG00000032990	0	0	1	0	1
ENSDARG00000032997	0	0	0	1	1
ENSDARG00000033138	0	0	0	1	1
ENSDARG00000033161	0	0	1	0	1
ENSDARG00000033171	1	0	1	0	2
ENSDARG00000033172	1	1	1	1	4
ENSDARG00000033175	0	0	1	0	1
ENSDARG00000033231	0	0	1	0	1
ENSDARG00000033307	0	0	1	0	1
ENSDARG00000033447	1	0	0	0	1
ENSDARG00000033655	0	0	1	0	1
ENSDARG00000033771	0	0	1	0	1
ENSDARG00000033845	1	0	0	0	1
ENSDARG00000034043	1	1	0	1	3
ENSDARG00000034056	1	0	0	0	1
ENSDARG00000034138	1	0	0	0	1
ENSDARG00000034165	0	0	1	0	1
ENSDARG00000034270	0	0	1	0	1
ENSDARG00000034293	1	0	1	0	2
ENSDARG00000034300	0	0	1	0	1
ENSDARG00000034344	0	0	0	1	1
ENSDARG00000034375	0	0	1	0	1
ENSDARG00000034409	0	0	0	1	1
ENSDARG00000034420	0	1	0	1	2
ENSDARG00000034473	0	0	0	1	1
ENSDARG00000034541	0	0	0	1	1
ENSDARG00000034555	1	0	0	0	1
ENSDARG00000034610	0	0	1	0	1
ENSDARG00000034718	0	0	1	0	1
ENSDARG00000034753	0	0	1	0	1
ENSDARG00000034785	1	0	0	0	1
ENSDARG00000034808	0	0	1	0	1
ENSDARG00000034852	1	0	1	0	2
ENSDARG00000034855	1	0	0	0	1
ENSDARG00000034893	0	0	0	1	1
ENSDARG00000034957	0	0	1	1	2
ENSDARG00000035023	1	0	0	0	1
ENSDARG00000035132	0	0	1	0	1
ENSDARG00000035147	1	0	1	0	2
ENSDARG00000035152	0	0	1	0	1
ENSDARG00000035161	1	0	0	0	1
ENSDARG00000035175	0	0	0	1	1
ENSDARG00000035187	0	0	1	0	1
ENSDARG00000035285	0	0	1	0	1
ENSDARG00000035290	0	0	0	1	1
ENSDARG00000035470	1	0	0	1	2
ENSDARG00000035521	0	0	1	0	1
ENSDARG00000035607	0	0	1	0	1
ENSDARG00000035649	1	0	1	0	2
ENSDARG00000035676	1	0	0	0	1
ENSDARG00000035677	1	0	1	0	2
ENSDARG00000035735	1	0	1	0	2
ENSDARG00000035809	0	0	1	0	1
ENSDARG00000035852	0	0	1	0	1
ENSDARG00000035899	0	0	1	0	1
ENSDARG00000035952	0	0	1	1	2
ENSDARG00000036086	0	0	1	0	1
ENSDARG00000036116	1	0	1	0	2
ENSDARG00000036135	0	0	1	0	1
ENSDARG00000036171	0	0	1	1	2
ENSDARG00000036194	0	0	1	0	1
ENSDARG00000036239	0	0	1	0	1
ENSDARG00000036293	0	0	1	0	1
ENSDARG00000036299	1	0	0	0	1
ENSDARG00000036375	0	0	1	0	1
ENSDARG00000036445	0	0	0	1	1
ENSDARG00000036456	0	0	1	0	1
ENSDARG00000036510	1	0	0	0	1
ENSDARG00000036558	0	0	1	1	2
ENSDARG00000036571	0	0	0	1	1
ENSDARG00000036670	0	0	1	1	2
ENSDARG00000036774	0	0	1	0	1
ENSDARG00000036831	0	0	1	0	1
ENSDARG00000036844	1	0	0	1	2
ENSDARG00000036894	0	0	0	1	1
ENSDARG00000036985	1	0	1	1	3
ENSDARG00000036987	0	0	1	1	2
ENSDARG00000036990	0	0	1	0	1
ENSDARG00000037033	0	0	1	0	1
ENSDARG00000037060	1	0	1	0	2
ENSDARG00000037116	0	0	1	0	1
ENSDARG00000037142	1	0	0	0	1
ENSDARG00000037276	1	0	0	0	1
ENSDARG00000037309	1	0	0	0	1
ENSDARG00000037405	1	0	0	0	1
ENSDARG00000037476	1	0	0	0	1
ENSDARG00000037498	0	0	0	1	1
ENSDARG00000037503	0	0	1	0	1
ENSDARG00000037553	0	0	1	0	1
ENSDARG00000037593	0	0	1	1	2
ENSDARG00000037628	1	0	0	0	1
ENSDARG00000037647	1	1	1	0	3
ENSDARG00000037655	0	0	1	1	2
ENSDARG00000037677	0	0	1	0	1
ENSDARG00000037760	0	0	1	0	1
ENSDARG00000037777	0	0	1	1	2
ENSDARG00000037879	1	0	0	0	1
ENSDARG00000037889	0	0	0	1	1
ENSDARG00000037924	0	0	1	1	2
ENSDARG00000037955	0	0	1	0	1
ENSDARG00000037963	0	0	1	1	2
ENSDARG00000038006	0	0	1	0	1
ENSDARG00000038040	1	0	1	0	2
ENSDARG00000038106	0	0	1	0	1
ENSDARG00000038151	0	0	0	1	1
ENSDARG00000038205	0	0	1	0	1
ENSDARG00000038309	0	0	1	0	1
ENSDARG00000038348	0	0	1	1	2
ENSDARG00000038363	0	0	0	1	1
ENSDARG00000038398	0	0	1	1	2
ENSDARG00000038429	0	0	1	0	1
ENSDARG00000038518	0	0	1	0	1
ENSDARG00000038569	0	0	1	0	1
ENSDARG00000038585	0	0	1	0	1
ENSDARG00000038672	1	0	0	0	1
ENSDARG00000038728	0	0	1	0	1
ENSDARG00000038867	0	0	1	0	1
ENSDARG00000038941	1	0	0	0	1
ENSDARG00000038996	1	0	0	1	2
ENSDARG00000039041	0	1	0	0	1
ENSDARG00000039164	1	0	0	0	1
ENSDARG00000039196	0	0	1	0	1
ENSDARG00000039343	0	0	1	0	1
ENSDARG00000039356	0	0	1	0	1
ENSDARG00000039422	0	0	1	0	1
ENSDARG00000039576	1	0	1	0	2
ENSDARG00000039649	1	0	0	0	1
ENSDARG00000039650	0	0	1	0	1
ENSDARG00000039682	1	0	1	0	2
ENSDARG00000039699	0	0	1	1	2
ENSDARG00000039701	1	0	1	0	2
ENSDARG00000039729	1	0	0	0	1
ENSDARG00000039750	1	0	1	1	3
ENSDARG00000039752	0	0	1	0	1
ENSDARG00000039806	0	0	0	1	1
ENSDARG00000039878	0	0	1	0	1
ENSDARG00000039881	0	0	1	0	1
ENSDARG00000039882	1	0	1	0	2
ENSDARG00000039943	1	0	0	0	1
ENSDARG00000039949	0	0	1	0	1
ENSDARG00000039951	1	0	0	0	1
ENSDARG00000039966	0	0	1	0	1
ENSDARG00000040123	0	0	0	1	1
ENSDARG00000040184	1	0	0	0	1
ENSDARG00000040253	0	0	1	0	1
ENSDARG00000040254	0	0	1	0	1
ENSDARG00000040291	0	0	1	0	1
ENSDARG00000040374	0	0	1	0	1
ENSDARG00000040608	0	0	1	0	1
ENSDARG00000040610	0	0	1	0	1
ENSDARG00000040614	0	0	1	0	1
ENSDARG00000040615	1	0	0	0	1
ENSDARG00000040627	0	0	1	0	1
ENSDARG00000040700	0	0	0	1	1
ENSDARG00000040705	0	0	0	1	1
ENSDARG00000040732	0	0	1	0	1
ENSDARG00000040747	0	0	1	0	1
ENSDARG00000040778	1	0	1	0	2
ENSDARG00000040874	1	0	1	0	2
ENSDARG00000040910	1	0	0	1	2
ENSDARG00000040917	1	0	1	0	2
ENSDARG00000040926	1	1	0	0	2
ENSDARG00000040944	0	0	1	0	1
ENSDARG00000040946	0	0	1	0	1
ENSDARG00000041022	0	0	0	1	1
ENSDARG00000041065	1	0	1	0	2
ENSDARG00000041072	1	0	0	1	2
ENSDARG00000041107	0	0	1	0	1
ENSDARG00000041137	0	0	1	0	1
ENSDARG00000041257	0	0	1	0	1
ENSDARG00000041299	0	0	1	0	1
ENSDARG00000041301	0	0	0	1	1
ENSDARG00000041304	0	0	0	1	1
ENSDARG00000041411	1	0	0	0	1
ENSDARG00000041699	1	0	0	0	1
ENSDARG00000041750	0	0	1	0	1
ENSDARG00000041869	0	0	1	0	1
ENSDARG00000041980	0	0	1	1	2
ENSDARG00000042010	1	0	0	1	2
ENSDARG00000042057	0	0	1	1	2
ENSDARG00000042063	0	0	1	0	1
ENSDARG00000042115	0	0	1	0	1
ENSDARG00000042210	0	0	0	1	1
ENSDARG00000042245	0	0	1	0	1
ENSDARG00000042249	0	0	1	0	1
ENSDARG00000042259	0	0	1	0	1
ENSDARG00000042270	0	0	0	1	1
ENSDARG00000042296	0	0	1	0	1
ENSDARG00000042338	0	0	1	0	1
ENSDARG00000042344	0	0	0	1	1
ENSDARG00000042485	0	0	0	1	1
ENSDARG00000042518	1	0	0	0	1
ENSDARG00000042660	1	0	0	0	1
ENSDARG00000042667	0	0	1	0	1
ENSDARG00000042722	0	0	1	0	1
ENSDARG00000042821	1	0	0	0	1
ENSDARG00000042835	0	0	1	0	1
ENSDARG00000042839	0	0	1	0	1
ENSDARG00000042940	1	0	1	0	2
ENSDARG00000043010	1	0	1	0	2
ENSDARG00000043084	0	0	1	0	1
ENSDARG00000043130	0	0	1	0	1
ENSDARG00000043148	0	0	1	0	1
ENSDARG00000043180	1	0	0	1	2
ENSDARG00000043220	0	0	1	0	1
ENSDARG00000043257	0	0	1	0	1
ENSDARG00000043279	0	0	1	0	1
ENSDARG00000043317	0	0	1	0	1
ENSDARG00000043417	0	0	1	0	1
ENSDARG00000043443	0	0	1	0	1
ENSDARG00000043485	0	0	1	0	1
ENSDARG00000043518	0	0	1	0	1
ENSDARG00000043527	0	0	1	0	1
ENSDARG00000043627	0	0	1	0	1
ENSDARG00000043635	1	0	1	0	2
ENSDARG00000043661	1	0	1	0	2
ENSDARG00000043701	0	0	0	1	1
ENSDARG00000043740	0	0	1	0	1
ENSDARG00000043820	0	0	0	1	1
ENSDARG00000043864	0	0	0	1	1
ENSDARG00000043877	1	0	0	0	1
ENSDARG00000044001	0	0	1	1	2
ENSDARG00000044056	0	0	1	0	1
ENSDARG00000044059	0	0	1	0	1
ENSDARG00000044144	0	0	1	1	2
ENSDARG00000044261	1	0	0	0	1
ENSDARG00000044281	0	0	1	0	1
ENSDARG00000044341	0	0	1	0	1
ENSDARG00000044345	0	0	1	0	1
ENSDARG00000044356	0	0	1	0	1
ENSDARG00000044375	0	0	1	0	1
ENSDARG00000044387	0	0	0	1	1
ENSDARG00000044422	0	0	1	0	1
ENSDARG00000044457	0	0	1	1	2
ENSDARG00000044485	0	0	1	0	1
ENSDARG00000044525	1	1	0	0	2
ENSDARG00000044526	0	1	1	0	2
ENSDARG00000044545	1	0	0	0	1
ENSDARG00000044567	1	0	0	0	1
ENSDARG00000044574	0	0	1	1	2
ENSDARG00000044596	0	0	0	1	1
ENSDARG00000044601	1	0	0	0	1
ENSDARG00000044632	1	0	0	0	1
ENSDARG00000044642	0	0	1	0	1
ENSDARG00000044672	1	0	0	0	1
ENSDARG00000044688	0	0	0	1	1
ENSDARG00000044803	0	1	0	0	1
ENSDARG00000044815	0	0	1	1	2
ENSDARG00000044925	0	1	1	1	3
ENSDARG00000044954	0	0	1	0	1
ENSDARG00000044972	0	0	1	0	1
ENSDARG00000044975	0	0	1	0	1
ENSDARG00000044982	1	0	1	0	2
ENSDARG00000045036	0	0	1	0	1
ENSDARG00000045131	0	0	1	0	1
ENSDARG00000045132	1	0	0	0	1
ENSDARG00000045180	0	0	0	1	1
ENSDARG00000045219	1	0	1	0	2
ENSDARG00000045343	1	0	0	0	1
ENSDARG00000045398	1	0	0	0	1
ENSDARG00000045401	0	0	1	0	1
ENSDARG00000045402	0	0	1	0	1
ENSDARG00000045510	1	0	1	0	2
ENSDARG00000045544	0	0	1	1	2
ENSDARG00000045691	0	0	1	0	1
ENSDARG00000045694	0	0	1	1	2
ENSDARG00000045696	0	0	1	0	1
ENSDARG00000045749	0	0	1	0	1
ENSDARG00000045753	0	0	1	0	1
ENSDARG00000045870	1	0	0	0	1
ENSDARG00000045880	1	0	0	0	1
ENSDARG00000045893	0	0	1	0	1
ENSDARG00000045910	0	0	1	0	1
ENSDARG00000045929	1	0	0	0	1
ENSDARG00000045935	0	0	1	0	1
ENSDARG00000045936	1	1	1	0	3
ENSDARG00000045958	0	0	0	1	1
ENSDARG00000045983	1	0	1	1	3
ENSDARG00000046019	0	0	1	0	1
ENSDARG00000046024	0	0	1	0	1
ENSDARG00000046079	0	0	1	0	1
ENSDARG00000046087	1	0	0	0	1
ENSDARG00000046133	1	0	0	0	1
ENSDARG00000051761	0	0	1	0	1
ENSDARG00000051809	1	0	1	0	2
ENSDARG00000051824	0	0	1	0	1
ENSDARG00000051858	1	0	1	0	2
ENSDARG00000051874	1	0	0	0	1
ENSDARG00000051891	0	0	1	0	1
ENSDARG00000051939	0	0	1	0	1
ENSDARG00000051953	1	0	0	0	1
ENSDARG00000051957	0	0	0	1	1
ENSDARG00000052061	1	0	1	0	2
ENSDARG00000052094	0	0	1	1	2
ENSDARG00000052118	0	0	1	1	2
ENSDARG00000052131	0	0	1	1	2
ENSDARG00000052138	1	0	0	0	1
ENSDARG00000052139	0	0	1	0	1
ENSDARG00000052148	1	1	1	0	3
ENSDARG00000052150	1	0	0	0	1
ENSDARG00000052164	1	0	0	0	1
ENSDARG00000052222	1	0	1	0	2
ENSDARG00000052277	1	0	0	0	1
ENSDARG00000052330	0	0	1	0	1
ENSDARG00000052386	0	0	1	0	1
ENSDARG00000052435	0	0	1	0	1
ENSDARG00000052482	1	0	1	0	2
ENSDARG00000052556	1	0	1	1	3
ENSDARG00000052604	1	0	1	1	3
ENSDARG00000052610	1	1	1	0	3
ENSDARG00000052644	0	0	0	1	1
ENSDARG00000052652	0	0	0	1	1
ENSDARG00000052688	0	0	1	0	1
ENSDARG00000052690	1	0	1	0	2
ENSDARG00000052695	1	1	1	1	4
ENSDARG00000052697	0	0	1	0	1
ENSDARG00000052702	0	0	1	0	1
ENSDARG00000052747	1	0	0	0	1
ENSDARG00000052783	0	0	0	1	1
ENSDARG00000052826	0	0	1	0	1
ENSDARG00000052846	0	0	1	0	1
ENSDARG00000052910	1	0	1	1	3
ENSDARG00000052942	1	0	1	0	2
ENSDARG00000052948	1	0	0	0	1
ENSDARG00000052966	1	0	0	0	1
ENSDARG00000052978	0	0	1	1	2
ENSDARG00000053062	0	0	1	0	1
ENSDARG00000053104	0	0	1	1	2
ENSDARG00000053119	0	0	1	0	1
ENSDARG00000053127	0	0	1	1	2
ENSDARG00000053179	0	0	1	0	1
ENSDARG00000053201	0	0	1	0	1
ENSDARG00000053205	0	0	1	0	1
ENSDARG00000053232	1	0	0	0	1
ENSDARG00000053241	1	0	0	1	2
ENSDARG00000053272	0	0	1	1	2
ENSDARG00000053279	1	0	1	0	2
ENSDARG00000053298	0	0	1	0	1
ENSDARG00000053301	0	0	1	1	2
ENSDARG00000053358	1	0	0	0	1
ENSDARG00000053479	0	0	1	0	1
ENSDARG00000053480	0	0	1	1	2
ENSDARG00000053484	0	0	1	0	1
ENSDARG00000053493	0	0	1	1	2
ENSDARG00000053500	0	0	1	0	1
ENSDARG00000053668	0	0	1	0	1
ENSDARG00000053835	1	0	1	1	3
ENSDARG00000053956	1	0	1	0	2
ENSDARG00000054103	0	0	1	0	1
ENSDARG00000054137	0	0	1	0	1
ENSDARG00000054255	0	0	1	0	1
ENSDARG00000054288	1	0	1	1	3
ENSDARG00000054378	0	0	1	0	1
ENSDARG00000054454	1	0	1	0	2
ENSDARG00000054560	0	0	1	0	1
ENSDARG00000054562	0	0	1	0	1
ENSDARG00000054641	0	0	1	0	1
ENSDARG00000054645	0	0	1	0	1
ENSDARG00000054666	0	0	0	1	1
ENSDARG00000054690	0	0	1	0	1
ENSDARG00000054723	0	0	1	0	1
ENSDARG00000054749	0	0	1	1	2
ENSDARG00000054753	0	0	1	0	1
ENSDARG00000054793	0	0	1	0	1
ENSDARG00000054804	0	0	0	1	1
ENSDARG00000054848	0	0	0	1	1
ENSDARG00000054874	1	0	0	0	1
ENSDARG00000054879	1	0	1	0	2
ENSDARG00000054906	1	0	0	0	1
ENSDARG00000055009	0	0	1	0	1
ENSDARG00000055026	0	0	1	0	1
ENSDARG00000055064	0	0	1	0	1
ENSDARG00000055100	0	0	1	0	1
ENSDARG00000055151	1	0	0	0	1
ENSDARG00000055226	0	0	1	0	1
ENSDARG00000055229	0	0	1	0	1
ENSDARG00000055232	1	0	0	0	1
ENSDARG00000055271	1	0	0	0	1
ENSDARG00000055292	1	0	0	0	1
ENSDARG00000055349	0	0	0	1	1
ENSDARG00000055398	0	0	1	0	1
ENSDARG00000055439	1	0	0	0	1
ENSDARG00000055443	1	0	0	0	1
ENSDARG00000055498	0	0	1	0	1
ENSDARG00000055554	0	0	1	0	1
ENSDARG00000055595	1	0	0	0	1
ENSDARG00000055679	1	0	0	0	1
ENSDARG00000055722	0	0	1	0	1
ENSDARG00000055875	1	0	0	0	1
ENSDARG00000055945	0	0	1	0	1
ENSDARG00000056001	1	0	1	0	2
ENSDARG00000056026	0	0	1	0	1
ENSDARG00000056029	0	0	1	0	1
ENSDARG00000056030	0	0	1	0	1
ENSDARG00000056130	0	0	1	0	1
ENSDARG00000056145	0	0	1	0	1
ENSDARG00000056156	0	0	0	1	1
ENSDARG00000056181	0	0	1	0	1
ENSDARG00000056193	0	0	1	0	1
ENSDARG00000056203	0	0	1	0	1
ENSDARG00000056396	0	0	1	0	1
ENSDARG00000056427	1	0	0	0	1
ENSDARG00000056438	0	0	0	1	1
ENSDARG00000056490	0	0	1	0	1
ENSDARG00000056561	0	0	0	1	1
ENSDARG00000056590	0	0	0	1	1
ENSDARG00000056619	0	0	1	0	1
ENSDARG00000056621	1	0	1	1	3
ENSDARG00000056627	0	0	1	0	1
ENSDARG00000056783	1	1	1	0	3
ENSDARG00000056873	0	0	1	0	1
ENSDARG00000056913	0	0	1	0	1
ENSDARG00000056920	1	1	1	0	3
ENSDARG00000056922	1	0	0	0	1
ENSDARG00000056924	0	0	1	0	1
ENSDARG00000056964	0	0	1	0	1
ENSDARG00000056966	1	0	0	0	1
ENSDARG00000056978	1	0	0	0	1
ENSDARG00000057007	0	0	1	0	1
ENSDARG00000057029	1	0	0	0	1
ENSDARG00000057141	0	0	1	0	1
ENSDARG00000057231	0	0	1	0	1
ENSDARG00000057249	1	0	0	0	1
ENSDARG00000057276	0	0	0	1	1
ENSDARG00000057323	1	0	0	0	1
ENSDARG00000057352	1	0	0	1	2
ENSDARG00000057452	0	0	1	1	2
ENSDARG00000057465	1	0	0	0	1
ENSDARG00000057531	0	0	1	0	1
ENSDARG00000057575	1	1	1	1	4
ENSDARG00000057598	0	0	1	0	1
ENSDARG00000057737	0	0	1	0	1
ENSDARG00000057782	0	0	1	0	1
ENSDARG00000057857	1	0	0	0	1
ENSDARG00000057911	1	0	0	0	1
ENSDARG00000057912	0	0	1	0	1
ENSDARG00000057936	1	0	0	0	1
ENSDARG00000057973	0	0	1	0	1
ENSDARG00000057986	0	0	1	1	2
ENSDARG00000058000	0	0	1	0	1
ENSDARG00000058008	1	0	0	0	1
ENSDARG00000058053	1	0	0	0	1
ENSDARG00000058090	1	0	0	0	1
ENSDARG00000058105	0	0	1	0	1
ENSDARG00000058115	0	0	0	1	1
ENSDARG00000058133	0	0	1	0	1
ENSDARG00000058203	1	0	0	0	1
ENSDARG00000058232	1	0	0	1	2
ENSDARG00000058280	1	0	0	0	1
ENSDARG00000058348	0	0	1	1	2
ENSDARG00000058394	0	0	1	1	2
ENSDARG00000058419	0	0	1	0	1
ENSDARG00000058565	1	0	0	0	1
ENSDARG00000058598	0	0	0	1	1
ENSDARG00000058644	1	0	0	0	1
ENSDARG00000058656	0	0	0	1	1
ENSDARG00000058666	1	0	0	0	1
ENSDARG00000058692	0	0	1	0	1
ENSDARG00000058730	0	0	1	0	1
ENSDARG00000058775	1	1	0	0	2
ENSDARG00000058818	0	0	0	1	1
ENSDARG00000058819	0	0	1	0	1
ENSDARG00000058821	0	0	0	1	1
ENSDARG00000058822	1	0	1	0	2
ENSDARG00000058871	0	0	0	1	1
ENSDARG00000058873	0	0	1	1	2
ENSDARG00000058924	0	0	0	1	1
ENSDARG00000058940	1	0	0	0	1
ENSDARG00000058949	0	0	1	0	1
ENSDARG00000058969	1	0	1	0	2
ENSDARG00000059054	0	0	0	1	1
ENSDARG00000059073	1	0	1	0	2
ENSDARG00000059083	0	0	0	1	1
ENSDARG00000059116	0	0	1	0	1
ENSDARG00000059123	0	0	1	0	1
ENSDARG00000059139	0	0	1	0	1
ENSDARG00000059231	0	0	1	0	1
ENSDARG00000059280	1	0	1	0	2
ENSDARG00000059327	0	0	0	1	1
ENSDARG00000059333	0	0	1	0	1
ENSDARG00000059351	1	0	1	0	2
ENSDARG00000059423	0	0	0	1	1
ENSDARG00000059437	1	0	0	0	1
ENSDARG00000059455	0	0	1	0	1
ENSDARG00000059461	0	0	0	1	1
ENSDARG00000059557	0	0	1	0	1
ENSDARG00000059680	0	0	1	0	1
ENSDARG00000059693	1	0	0	0	1
ENSDARG00000059707	0	1	1	0	2
ENSDARG00000059725	0	0	1	0	1
ENSDARG00000059738	0	1	0	1	2
ENSDARG00000059751	1	0	0	0	1
ENSDARG00000059794	0	0	1	0	1
ENSDARG00000059801	0	0	1	0	1
ENSDARG00000059805	0	0	0	1	1
ENSDARG00000059811	0	0	0	1	1
ENSDARG00000059843	0	0	1	1	2
ENSDARG00000059858	0	0	1	0	1
ENSDARG00000059888	0	0	1	1	2
ENSDARG00000059900	1	0	1	0	2
ENSDARG00000059923	1	0	0	0	1
ENSDARG00000059933	1	0	0	0	1
ENSDARG00000059948	0	0	0	1	1
ENSDARG00000059950	0	0	1	0	1
ENSDARG00000059960	0	0	1	0	1
ENSDARG00000060023	1	0	1	1	3
ENSDARG00000060029	0	0	1	0	1
ENSDARG00000060068	0	0	1	0	1
ENSDARG00000060094	0	0	1	0	1
ENSDARG00000060106	1	0	1	0	2
ENSDARG00000060113	0	0	1	0	1
ENSDARG00000060165	0	0	1	0	1
ENSDARG00000060253	1	0	0	0	1
ENSDARG00000060415	1	0	0	0	1
ENSDARG00000060430	0	0	1	0	1
ENSDARG00000060452	1	0	0	0	1
ENSDARG00000060457	0	0	0	1	1
ENSDARG00000060526	0	0	1	0	1
ENSDARG00000060537	1	0	0	0	1
ENSDARG00000060549	1	0	0	0	1
ENSDARG00000060551	1	0	1	0	2
ENSDARG00000060554	0	0	1	0	1
ENSDARG00000060564	1	0	0	0	1
ENSDARG00000060566	0	0	0	1	1
ENSDARG00000060580	1	0	0	0	1
ENSDARG00000060600	0	0	1	0	1
ENSDARG00000060609	1	0	0	0	1
ENSDARG00000060626	0	0	1	0	1
ENSDARG00000060639	1	0	0	0	1
ENSDARG00000060682	1	0	1	0	2
ENSDARG00000060711	0	1	1	1	3
ENSDARG00000060734	1	0	0	0	1
ENSDARG00000060766	0	0	1	0	1
ENSDARG00000060871	0	0	1	0	1
ENSDARG00000060917	1	0	1	0	2
ENSDARG00000060927	1	0	1	0	2
ENSDARG00000060929	0	0	0	1	1
ENSDARG00000060980	0	0	1	0	1
ENSDARG00000060994	0	0	0	1	1
ENSDARG00000061039	1	0	0	0	1
ENSDARG00000061052	0	0	1	0	1
ENSDARG00000061070	0	0	1	1	2
ENSDARG00000061099	0	0	1	0	1
ENSDARG00000061196	0	0	1	0	1
ENSDARG00000061231	0	0	1	0	1
ENSDARG00000061268	0	0	1	0	1
ENSDARG00000061272	1	0	0	0	1
ENSDARG00000061282	0	0	1	0	1
ENSDARG00000061303	0	0	1	0	1
ENSDARG00000061345	0	0	1	0	1
ENSDARG00000061363	1	0	1	0	2
ENSDARG00000061368	0	0	1	0	1
ENSDARG00000061383	0	0	1	0	1
ENSDARG00000061421	0	0	0	1	1
ENSDARG00000061451	0	0	1	0	1
ENSDARG00000061459	0	0	1	0	1
ENSDARG00000061478	0	0	1	0	1
ENSDARG00000061479	0	0	1	0	1
ENSDARG00000061541	0	0	1	0	1
ENSDARG00000061585	1	0	0	0	1
ENSDARG00000061603	0	0	1	0	1
ENSDARG00000061621	0	0	1	0	1
ENSDARG00000061638	1	0	0	0	1
ENSDARG00000061665	0	0	1	0	1
ENSDARG00000061688	1	0	0	0	1
ENSDARG00000061699	0	0	1	0	1
ENSDARG00000061710	1	0	0	0	1
ENSDARG00000061718	1	0	0	0	1
ENSDARG00000061736	0	1	0	1	2
ENSDARG00000061764	0	0	1	0	1
ENSDARG00000061778	0	0	0	1	1
ENSDARG00000061841	0	0	1	1	2
ENSDARG00000061909	0	0	1	0	1
ENSDARG00000061923	0	0	1	1	2
ENSDARG00000061963	0	0	1	0	1
ENSDARG00000062000	1	0	0	0	1
ENSDARG00000062003	0	0	1	0	1
ENSDARG00000062008	0	0	1	0	1
ENSDARG00000062040	0	0	1	0	1
ENSDARG00000062077	0	0	1	0	1
ENSDARG00000062082	0	0	1	0	1
ENSDARG00000062132	0	0	1	0	1
ENSDARG00000062139	1	0	0	0	1
ENSDARG00000062174	0	0	1	0	1
ENSDARG00000062177	0	0	1	0	1
ENSDARG00000062199	0	1	0	0	1
ENSDARG00000062310	1	0	0	0	1
ENSDARG00000062330	0	0	1	0	1
ENSDARG00000062338	0	0	1	1	2
ENSDARG00000062477	0	0	0	1	1
ENSDARG00000062510	0	0	1	1	2
ENSDARG00000062517	1	0	1	0	2
ENSDARG00000062518	0	0	1	0	1
ENSDARG00000062532	0	0	0	1	1
ENSDARG00000062592	0	0	1	0	1
ENSDARG00000062593	0	0	1	0	1
ENSDARG00000062621	0	0	1	1	2
ENSDARG00000062646	0	1	0	1	2
ENSDARG00000062661	0	0	0	1	1
ENSDARG00000062707	0	0	0	1	1
ENSDARG00000062711	1	0	0	0	1
ENSDARG00000062720	1	0	0	0	1
ENSDARG00000062721	0	0	1	0	1
ENSDARG00000062753	0	0	1	0	1
ENSDARG00000062765	0	0	1	0	1
ENSDARG00000062823	0	0	1	0	1
ENSDARG00000062880	0	1	0	0	1
ENSDARG00000062904	1	0	1	1	3
ENSDARG00000062936	0	0	0	1	1
ENSDARG00000062971	1	0	1	1	3
ENSDARG00000062972	1	0	1	0	2
ENSDARG00000062973	0	0	0	1	1
ENSDARG00000062983	0	0	1	0	1
ENSDARG00000063068	1	0	1	0	2
ENSDARG00000063075	0	0	1	0	1
ENSDARG00000063097	0	0	1	0	1
ENSDARG00000063133	0	0	1	0	1
ENSDARG00000063197	1	0	1	0	2
ENSDARG00000063297	1	0	0	1	2
ENSDARG00000063332	0	0	0	1	1
ENSDARG00000063333	0	0	1	0	1
ENSDARG00000063352	1	0	0	0	1
ENSDARG00000063354	0	0	1	0	1
ENSDARG00000063371	0	0	1	0	1
ENSDARG00000063417	1	0	1	0	2
ENSDARG00000063509	0	0	1	0	1
ENSDARG00000063555	0	0	1	0	1
ENSDARG00000063580	0	0	1	0	1
ENSDARG00000063684	0	0	0	1	1
ENSDARG00000063690	1	0	0	0	1
ENSDARG00000067545	0	0	0	1	1
ENSDARG00000067546	0	0	0	1	1
ENSDARG00000067592	1	0	0	0	1
ENSDARG00000067626	0	0	0	1	1
ENSDARG00000067665	0	0	0	1	1
ENSDARG00000067719	0	0	1	0	1
ENSDARG00000067801	0	0	1	0	1
ENSDARG00000067829	0	0	0	1	1
ENSDARG00000067859	0	1	0	0	1
ENSDARG00000067925	0	0	1	0	1
ENSDARG00000067950	0	0	1	0	1
ENSDARG00000067964	1	0	0	0	1
ENSDARG00000067966	0	0	1	0	1
ENSDARG00000068124	1	0	1	0	2
ENSDARG00000068192	1	0	0	0	1
ENSDARG00000068261	0	0	1	0	1
ENSDARG00000068280	0	0	0	1	1
ENSDARG00000068288	0	0	0	1	1
ENSDARG00000068323	0	1	0	1	2
ENSDARG00000068365	1	0	1	0	2
ENSDARG00000068369	1	0	1	0	2
ENSDARG00000068431	0	0	0	1	1
ENSDARG00000068461	1	0	0	0	1
ENSDARG00000068516	0	0	1	1	2
ENSDARG00000068567	0	0	1	0	1
ENSDARG00000068572	0	0	1	0	1
ENSDARG00000068702	0	1	0	0	1
ENSDARG00000068710	1	0	0	0	1
ENSDARG00000068729	0	0	0	1	1
ENSDARG00000068745	0	0	1	0	1
ENSDARG00000068894	1	0	1	0	2
ENSDARG00000068916	1	0	0	0	1
ENSDARG00000068918	1	0	0	0	1
ENSDARG00000068940	0	0	1	0	1
ENSDARG00000068965	0	0	1	0	1
ENSDARG00000068973	0	0	1	0	1
ENSDARG00000068982	1	0	0	0	1
ENSDARG00000069006	1	0	1	0	2
ENSDARG00000069013	0	0	1	0	1
ENSDARG00000069029	0	0	1	0	1
ENSDARG00000069066	1	0	1	0	2
ENSDARG00000069085	1	0	1	1	3
ENSDARG00000069105	1	0	0	0	1
ENSDARG00000069118	1	0	0	0	1
ENSDARG00000069192	0	0	1	0	1
ENSDARG00000069196	0	0	1	0	1
ENSDARG00000069242	1	0	1	0	2
ENSDARG00000069266	0	0	1	0	1
ENSDARG00000069314	0	0	1	0	1
ENSDARG00000069361	0	0	1	0	1
ENSDARG00000069388	1	0	1	1	3
ENSDARG00000069397	0	0	1	0	1
ENSDARG00000069401	0	0	1	0	1
ENSDARG00000069420	1	0	0	0	1
ENSDARG00000069423	0	0	0	1	1
ENSDARG00000069438	1	0	0	0	1
ENSDARG00000069484	0	0	1	0	1
ENSDARG00000069543	0	0	1	0	1
ENSDARG00000069583	1	0	1	0	2
ENSDARG00000069608	0	0	1	1	2
ENSDARG00000069677	0	0	1	0	1
ENSDARG00000069752	1	0	0	0	1
ENSDARG00000069755	0	0	1	0	1
ENSDARG00000069780	1	0	0	0	1
ENSDARG00000069866	1	1	0	0	2
ENSDARG00000069904	0	0	1	0	1
ENSDARG00000069922	0	0	1	0	1
ENSDARG00000069946	1	0	1	0	2
ENSDARG00000069954	0	0	1	0	1
ENSDARG00000069958	0	0	1	0	1
ENSDARG00000069995	0	0	1	0	1
ENSDARG00000070000	1	0	1	0	2
ENSDARG00000070025	0	0	1	0	1
ENSDARG00000070050	0	1	0	0	1
ENSDARG00000070074	1	0	0	1	2
ENSDARG00000070081	0	0	1	0	1
ENSDARG00000070107	1	0	1	1	3
ENSDARG00000070142	0	0	0	1	1
ENSDARG00000070213	0	0	1	0	1
ENSDARG00000070228	0	0	1	0	1
ENSDARG00000070231	0	0	1	0	1
ENSDARG00000070272	1	0	0	0	1
ENSDARG00000070318	1	0	0	0	1
ENSDARG00000070338	0	1	0	0	1
ENSDARG00000070340	0	0	1	0	1
ENSDARG00000070343	0	0	1	0	1
ENSDARG00000070346	0	0	1	0	1
ENSDARG00000070360	0	0	1	0	1
ENSDARG00000070408	1	0	0	0	1
ENSDARG00000070425	0	0	1	0	1
ENSDARG00000070434	0	0	0	1	1
ENSDARG00000070441	0	0	1	0	1
ENSDARG00000070461	0	0	1	0	1
ENSDARG00000070538	0	0	1	0	1
ENSDARG00000070546	0	0	0	1	1
ENSDARG00000070571	0	0	1	0	1
ENSDARG00000070598	0	0	1	1	2
ENSDARG00000070603	0	0	1	1	2
ENSDARG00000070620	1	0	1	0	2
ENSDARG00000070658	1	0	0	0	1
ENSDARG00000070677	1	0	0	0	1
ENSDARG00000070781	0	0	1	0	1
ENSDARG00000070794	0	0	1	0	1
ENSDARG00000070809	0	1	0	0	1
ENSDARG00000070839	0	0	1	1	2
ENSDARG00000070866	1	0	0	0	1
ENSDARG00000070913	1	0	0	0	1
ENSDARG00000070914	0	0	0	1	1
ENSDARG00000070929	1	0	0	0	1
ENSDARG00000070951	0	0	1	0	1
ENSDARG00000070981	0	0	1	0	1
ENSDARG00000071107	0	0	0	1	1
ENSDARG00000071208	1	0	1	1	3
ENSDARG00000071230	1	0	0	1	2
ENSDARG00000071272	0	0	1	0	1
ENSDARG00000071345	1	0	0	0	1
ENSDARG00000071384	0	0	1	0	1
ENSDARG00000071458	0	0	1	0	1
ENSDARG00000071469	1	0	1	1	3
ENSDARG00000071478	0	0	1	0	1
ENSDARG00000071493	1	0	0	0	1
ENSDARG00000071497	0	0	0	1	1
ENSDARG00000071560	0	0	1	1	2
ENSDARG00000071567	0	0	1	0	1
ENSDARG00000071652	1	0	1	0	2
ENSDARG00000071692	0	0	1	0	1
ENSDARG00000071823	0	0	1	0	1
ENSDARG00000071863	0	0	1	0	1
ENSDARG00000073684	0	0	0	1	1
ENSDARG00000073688	1	0	0	0	1
ENSDARG00000073695	0	0	1	0	1
ENSDARG00000073708	0	0	0	1	1
ENSDARG00000073709	0	0	0	1	1
ENSDARG00000073728	0	0	1	0	1
ENSDARG00000073731	0	0	1	1	2
ENSDARG00000073732	1	0	1	0	2
ENSDARG00000073743	0	0	0	1	1
ENSDARG00000073761	1	0	0	0	1
ENSDARG00000073769	0	0	1	0	1
ENSDARG00000073841	1	0	1	0	2
ENSDARG00000073881	0	0	1	0	1
ENSDARG00000073926	0	0	1	0	1
ENSDARG00000073978	1	0	1	1	3
ENSDARG00000073985	0	0	0	1	1
ENSDARG00000073996	0	0	1	0	1
ENSDARG00000074029	0	0	0	1	1
ENSDARG00000074050	0	0	1	1	2
ENSDARG00000074075	1	0	0	0	1
ENSDARG00000074149	0	0	1	0	1
ENSDARG00000074201	0	0	1	0	1
ENSDARG00000074223	0	1	0	0	1
ENSDARG00000074235	0	0	0	1	1
ENSDARG00000074258	0	0	1	0	1
ENSDARG00000074298	0	0	0	1	1
ENSDARG00000074319	0	0	1	0	1
ENSDARG00000074362	0	0	0	1	1
ENSDARG00000074381	1	0	1	1	3
ENSDARG00000074396	0	0	1	0	1
ENSDARG00000074401	1	0	1	0	2
ENSDARG00000074431	0	0	1	0	1
ENSDARG00000074453	1	0	0	0	1
ENSDARG00000074481	0	0	1	1	2
ENSDARG00000074526	1	0	1	0	2
ENSDARG00000074531	0	0	1	0	1
ENSDARG00000074535	0	0	0	1	1
ENSDARG00000074538	0	0	1	0	1
ENSDARG00000074554	1	0	0	0	1
ENSDARG00000074563	0	0	1	1	2
ENSDARG00000074565	1	0	1	0	2
ENSDARG00000074572	1	0	0	0	1
ENSDARG00000074597	1	0	1	0	2
ENSDARG00000074604	1	0	0	0	1
ENSDARG00000074636	0	0	1	1	2
ENSDARG00000074638	0	0	1	1	2
ENSDARG00000074646	1	0	1	0	2
ENSDARG00000074698	0	0	1	0	1
ENSDARG00000074702	1	0	0	0	1
ENSDARG00000074740	1	0	0	0	1
ENSDARG00000074746	0	0	0	1	1
ENSDARG00000074752	0	0	0	1	1
ENSDARG00000074808	0	0	0	1	1
ENSDARG00000074812	0	0	0	1	1
ENSDARG00000074819	0	0	1	0	1
ENSDARG00000074843	0	0	1	0	1
ENSDARG00000074904	0	0	1	0	1
ENSDARG00000074947	0	0	1	1	2
ENSDARG00000075067	0	0	1	0	1
ENSDARG00000075100	0	1	0	1	2
ENSDARG00000075107	0	0	1	0	1
ENSDARG00000075110	0	0	0	1	1
ENSDARG00000075129	0	0	1	1	2
ENSDARG00000075147	0	0	1	0	1
ENSDARG00000075173	0	0	1	0	1
ENSDARG00000075201	0	1	0	0	1
ENSDARG00000075211	1	0	1	1	3
ENSDARG00000075215	0	0	1	0	1
ENSDARG00000075226	0	0	1	0	1
ENSDARG00000075337	1	0	1	0	2
ENSDARG00000075397	0	0	1	0	1
ENSDARG00000075400	0	0	1	0	1
ENSDARG00000075421	1	0	0	0	1
ENSDARG00000075467	1	0	0	0	1
ENSDARG00000075517	0	0	1	0	1
ENSDARG00000075528	1	0	1	0	2
ENSDARG00000075542	0	0	1	0	1
ENSDARG00000075565	0	0	1	0	1
ENSDARG00000075571	0	0	1	0	1
ENSDARG00000075580	0	0	1	0	1
ENSDARG00000075624	1	0	1	0	2
ENSDARG00000075625	0	0	1	0	1
ENSDARG00000075648	0	0	1	0	1
ENSDARG00000075673	0	0	1	0	1
ENSDARG00000075685	0	0	1	0	1
ENSDARG00000075707	0	0	1	0	1
ENSDARG00000075727	0	0	1	0	1
ENSDARG00000075733	1	0	0	0	1
ENSDARG00000075735	1	0	0	0	1
ENSDARG00000075737	0	0	1	0	1
ENSDARG00000075754	0	0	1	0	1
ENSDARG00000075758	1	0	0	0	1
ENSDARG00000075793	0	0	1	0	1
ENSDARG00000075821	0	0	1	0	1
ENSDARG00000075842	1	0	0	0	1
ENSDARG00000075881	0	0	1	0	1
ENSDARG00000075886	1	0	0	0	1
ENSDARG00000075898	0	0	1	0	1
ENSDARG00000075954	0	0	1	1	2
ENSDARG00000075972	0	0	1	0	1
ENSDARG00000075990	0	0	1	1	2
ENSDARG00000075996	0	1	0	0	1
ENSDARG00000076014	0	0	0	1	1
ENSDARG00000076020	0	0	1	1	2
ENSDARG00000076119	0	0	1	0	1
ENSDARG00000076120	1	0	1	0	2
ENSDARG00000076139	0	0	1	0	1
ENSDARG00000076174	1	0	0	0	1
ENSDARG00000076230	1	0	1	0	2
ENSDARG00000076241	0	0	1	0	1
ENSDARG00000076262	0	0	1	0	1
ENSDARG00000076292	0	0	1	0	1
ENSDARG00000076299	0	0	1	0	1
ENSDARG00000076303	0	0	1	0	1
ENSDARG00000076309	0	0	1	0	1
ENSDARG00000076317	1	0	0	0	1
ENSDARG00000076351	0	1	0	0	1
ENSDARG00000076361	1	0	1	1	3
ENSDARG00000076391	1	0	0	0	1
ENSDARG00000076434	0	0	1	0	1
ENSDARG00000076435	0	0	1	0	1
ENSDARG00000076520	0	0	1	1	2
ENSDARG00000076532	0	0	1	0	1
ENSDARG00000076571	1	0	0	0	1
ENSDARG00000076638	1	0	1	0	2
ENSDARG00000076650	0	0	1	0	1
ENSDARG00000076710	0	0	1	0	1
ENSDARG00000076733	1	0	0	0	1
ENSDARG00000076748	1	0	1	1	3
ENSDARG00000076781	0	0	1	0	1
ENSDARG00000076798	1	0	0	0	1
ENSDARG00000076815	0	0	0	1	1
ENSDARG00000076830	0	0	0	1	1
ENSDARG00000076847	0	0	1	0	1
ENSDARG00000076867	0	0	0	1	1
ENSDARG00000076873	1	0	0	0	1
ENSDARG00000076889	0	0	1	0	1
ENSDARG00000076895	0	0	1	0	1
ENSDARG00000076904	0	0	1	0	1
ENSDARG00000076920	1	0	0	0	1
ENSDARG00000076933	0	0	0	1	1
ENSDARG00000077029	1	0	1	0	2
ENSDARG00000077072	1	0	0	0	1
ENSDARG00000077080	0	0	1	0	1
ENSDARG00000077081	0	0	1	0	1
ENSDARG00000077084	0	1	0	0	1
ENSDARG00000077101	0	0	1	0	1
ENSDARG00000077116	0	0	1	1	2
ENSDARG00000077121	0	1	0	0	1
ENSDARG00000077207	1	0	0	0	1
ENSDARG00000077231	0	0	1	0	1
ENSDARG00000077295	0	0	0	1	1
ENSDARG00000077298	0	0	1	1	2
ENSDARG00000077316	0	0	1	0	1
ENSDARG00000077329	0	1	0	0	1
ENSDARG00000077353	1	0	1	0	2
ENSDARG00000077403	0	0	1	0	1
ENSDARG00000077440	1	0	1	0	2
ENSDARG00000077567	0	0	1	0	1
ENSDARG00000077588	0	1	1	0	2
ENSDARG00000077637	0	0	1	0	1
ENSDARG00000077650	0	0	1	0	1
ENSDARG00000077677	1	0	0	0	1
ENSDARG00000077686	1	0	1	0	2
ENSDARG00000077694	0	0	1	0	1
ENSDARG00000077709	1	0	0	0	1
ENSDARG00000077722	0	0	0	1	1
ENSDARG00000077778	0	0	0	1	1
ENSDARG00000077788	0	0	1	0	1
ENSDARG00000077811	1	0	0	0	1
ENSDARG00000077823	0	0	1	0	1
ENSDARG00000077840	1	1	0	0	2
ENSDARG00000077920	0	0	0	1	1
ENSDARG00000077982	1	0	0	0	1
ENSDARG00000078006	1	0	0	0	1
ENSDARG00000078011	0	0	1	0	1
ENSDARG00000078022	0	1	0	0	1
ENSDARG00000078026	0	0	1	0	1
ENSDARG00000078034	1	0	0	0	1
ENSDARG00000078041	0	0	1	0	1
ENSDARG00000078088	0	0	1	0	1
ENSDARG00000078136	1	0	1	0	2
ENSDARG00000078172	1	0	1	1	3
ENSDARG00000078179	0	0	0	1	1
ENSDARG00000078191	0	0	1	0	1
ENSDARG00000078226	0	0	1	0	1
ENSDARG00000078250	0	0	0	1	1
ENSDARG00000078266	0	0	1	1	2
ENSDARG00000078308	0	0	0	1	1
ENSDARG00000078313	0	0	1	0	1
ENSDARG00000078324	0	0	0	1	1
ENSDARG00000078326	0	0	1	0	1
ENSDARG00000078362	0	0	0	1	1
ENSDARG00000078363	1	0	1	0	2
ENSDARG00000078404	0	0	1	0	1
ENSDARG00000078416	0	0	1	1	2
ENSDARG00000078430	0	0	1	0	1
ENSDARG00000078440	0	0	1	0	1
ENSDARG00000078459	0	0	1	0	1
ENSDARG00000078492	0	0	1	0	1
ENSDARG00000078508	0	0	0	1	1
ENSDARG00000078512	0	0	1	0	1
ENSDARG00000078518	1	0	1	0	2
ENSDARG00000078523	1	0	0	0	1
ENSDARG00000078541	0	0	0	1	1
ENSDARG00000078551	0	0	1	0	1
ENSDARG00000078557	0	0	1	0	1
ENSDARG00000078582	0	0	0	1	1
ENSDARG00000078647	0	0	0	1	1
ENSDARG00000078653	0	0	1	0	1
ENSDARG00000078725	0	0	1	0	1
ENSDARG00000078760	0	0	1	0	1
ENSDARG00000078775	0	0	1	0	1
ENSDARG00000078854	1	0	1	1	3
ENSDARG00000078890	0	0	1	0	1
ENSDARG00000078954	0	0	1	0	1
ENSDARG00000079013	0	0	1	0	1
ENSDARG00000079080	0	0	1	0	1
ENSDARG00000079128	0	1	1	0	2
ENSDARG00000079129	0	1	0	0	1
ENSDARG00000079131	1	0	0	0	1
ENSDARG00000079148	0	0	1	0	1
ENSDARG00000079248	0	0	1	0	1
ENSDARG00000079253	0	0	1	1	2
ENSDARG00000079280	0	0	1	0	1
ENSDARG00000079293	1	0	0	0	1
ENSDARG00000079323	1	0	1	0	2
ENSDARG00000079326	0	0	1	0	1
ENSDARG00000079327	1	0	1	0	2
ENSDARG00000079355	0	0	1	1	2
ENSDARG00000079363	0	0	1	0	1
ENSDARG00000079366	0	0	1	0	1
ENSDARG00000079378	1	0	0	0	1
ENSDARG00000079388	0	0	0	1	1
ENSDARG00000079397	1	0	1	1	3
ENSDARG00000079434	0	0	1	0	1
ENSDARG00000079455	0	0	1	0	1
ENSDARG00000079497	1	0	0	0	1
ENSDARG00000079542	1	0	1	0	2
ENSDARG00000079543	0	0	0	1	1
ENSDARG00000079570	0	0	1	0	1
ENSDARG00000079578	1	0	0	0	1
ENSDARG00000079611	1	0	0	0	1
ENSDARG00000079613	0	0	1	0	1
ENSDARG00000079670	0	0	1	0	1
ENSDARG00000079688	0	0	1	0	1
ENSDARG00000079716	0	0	1	0	1
ENSDARG00000079740	1	0	1	1	3
ENSDARG00000079751	0	0	1	0	1
ENSDARG00000079752	0	0	1	0	1
ENSDARG00000079765	0	0	1	0	1
ENSDARG00000079773	1	0	1	0	2
ENSDARG00000079829	0	0	0	1	1
ENSDARG00000079840	0	0	0	1	1
ENSDARG00000079860	0	0	1	0	1
ENSDARG00000079876	0	0	1	0	1
ENSDARG00000079881	1	0	0	0	1
ENSDARG00000079905	1	0	1	0	2
ENSDARG00000079922	0	0	1	0	1
ENSDARG00000079964	0	0	1	0	1
ENSDARG00000079977	0	0	1	0	1
ENSDARG00000086034	1	0	0	1	2
ENSDARG00000086103	1	0	0	0	1
ENSDARG00000086162	1	0	0	1	2
ENSDARG00000086179	0	0	0	1	1
ENSDARG00000086189	0	0	1	0	1
ENSDARG00000086222	0	0	1	0	1
ENSDARG00000086254	0	0	1	0	1
ENSDARG00000086327	1	0	0	0	1
ENSDARG00000086393	1	0	1	0	2
ENSDARG00000086420	0	0	1	0	1
ENSDARG00000086481	1	0	0	0	1
ENSDARG00000086518	0	0	0	1	1
ENSDARG00000086539	0	0	0	1	1
ENSDARG00000086645	0	0	1	1	2
ENSDARG00000086678	1	0	1	1	3
ENSDARG00000086856	1	0	1	1	3
ENSDARG00000086896	1	0	1	0	2
ENSDARG00000086927	1	0	1	1	3
ENSDARG00000086977	0	0	1	0	1
ENSDARG00000086985	1	0	0	0	1
ENSDARG00000087187	0	0	1	0	1
ENSDARG00000087188	0	0	1	0	1
ENSDARG00000087195	1	0	0	0	1
ENSDARG00000087352	0	0	1	1	2
ENSDARG00000087388	0	0	1	0	1
ENSDARG00000087392	0	0	1	1	2
ENSDARG00000087525	0	1	0	1	2
ENSDARG00000087657	0	0	1	0	1
ENSDARG00000087805	0	0	1	1	2
ENSDARG00000087844	1	0	0	0	1
ENSDARG00000087910	0	0	1	0	1
ENSDARG00000088022	0	0	1	0	1
ENSDARG00000088145	0	0	1	0	1
ENSDARG00000088157	0	0	0	1	1
ENSDARG00000088227	1	0	0	0	1
ENSDARG00000088238	0	0	1	0	1
ENSDARG00000088290	0	0	0	1	1
ENSDARG00000088390	0	0	1	0	1
ENSDARG00000088514	0	0	1	0	1
ENSDARG00000088549	0	0	1	0	1
ENSDARG00000088590	1	0	1	0	2
ENSDARG00000088615	1	0	0	0	1
ENSDARG00000088630	1	0	1	0	2
ENSDARG00000088711	0	0	1	0	1
ENSDARG00000088753	0	0	1	0	1
ENSDARG00000088764	1	0	0	0	1
ENSDARG00000088789	0	0	1	0	1
ENSDARG00000088798	0	0	1	0	1
ENSDARG00000088837	1	0	0	0	1
ENSDARG00000088881	1	0	0	0	1
ENSDARG00000088899	0	0	1	0	1
ENSDARG00000088932	0	0	0	1	1
ENSDARG00000089026	0	0	0	1	1
ENSDARG00000089086	1	0	0	0	1
ENSDARG00000089236	1	0	0	0	1
ENSDARG00000089245	0	0	0	1	1
ENSDARG00000089320	0	0	0	1	1
ENSDARG00000089368	0	0	1	0	1
ENSDARG00000089485	0	0	1	0	1
ENSDARG00000089519	1	0	0	0	1
ENSDARG00000089538	0	0	1	0	1
ENSDARG00000089553	0	0	0	1	1
ENSDARG00000089563	0	0	1	1	2
ENSDARG00000089569	0	0	1	0	1
ENSDARG00000089643	0	0	1	0	1
ENSDARG00000089701	0	0	1	1	2
ENSDARG00000089805	0	1	0	0	1
ENSDARG00000089844	0	0	1	0	1
ENSDARG00000089871	0	0	1	0	1
ENSDARG00000089914	1	0	1	1	3
ENSDARG00000089961	0	0	1	0	1
ENSDARG00000090035	1	0	1	1	3
ENSDARG00000090039	0	0	1	0	1
ENSDARG00000090086	0	0	0	1	1
ENSDARG00000090120	0	0	1	0	1
ENSDARG00000090386	1	0	1	0	2
ENSDARG00000090387	0	0	1	0	1
ENSDARG00000090389	0	0	1	0	1
ENSDARG00000090427	0	0	1	0	1
ENSDARG00000090544	0	0	1	1	2
ENSDARG00000090617	0	0	1	0	1
ENSDARG00000090656	0	0	1	1	2
ENSDARG00000090673	0	0	0	1	1
ENSDARG00000090686	0	0	1	0	1
ENSDARG00000090764	0	0	1	1	2
ENSDARG00000090768	0	0	1	0	1
ENSDARG00000090903	0	0	1	0	1
ENSDARG00000090949	0	0	1	0	1
ENSDARG00000090976	0	0	1	0	1
ENSDARG00000091061	0	0	1	1	2
ENSDARG00000091215	0	0	0	1	1
ENSDARG00000091241	1	0	0	0	1
ENSDARG00000091253	0	0	1	0	1
ENSDARG00000091293	0	0	1	0	1
ENSDARG00000091419	0	0	0	1	1
ENSDARG00000091481	0	0	1	0	1
ENSDARG00000091511	1	0	1	0	2
ENSDARG00000091555	0	0	1	1	2
ENSDARG00000091598	0	0	1	0	1
ENSDARG00000091619	1	0	1	1	3
ENSDARG00000091777	0	0	1	0	1
ENSDARG00000091790	0	0	0	1	1
ENSDARG00000091813	0	0	1	0	1
ENSDARG00000091821	1	0	0	0	1
ENSDARG00000091834	0	0	1	0	1
ENSDARG00000092027	0	0	1	1	2
ENSDARG00000092167	1	0	0	0	1
ENSDARG00000092404	0	0	1	0	1
ENSDARG00000092471	1	0	0	0	1
ENSDARG00000092488	0	0	1	0	1
ENSDARG00000092638	1	0	1	0	2
ENSDARG00000092644	0	0	1	1	2
ENSDARG00000092660	0	0	1	0	1
ENSDARG00000092784	1	0	0	0	1
ENSDARG00000092810	1	0	0	0	1
ENSDARG00000092858	1	0	1	0	2
ENSDARG00000092895	0	0	1	0	1
ENSDARG00000092949	0	0	1	0	1
ENSDARG00000093082	0	0	1	1	2
ENSDARG00000093267	0	0	1	0	1
ENSDARG00000093440	0	0	1	1	2
ENSDARG00000093572	1	0	0	0	1
ENSDARG00000093768	0	0	0	1	1
ENSDARG00000093841	0	0	0	1	1
ENSDARG00000094055	0	0	1	0	1
ENSDARG00000094380	1	0	1	0	2
ENSDARG00000094901	0	0	1	0	1
ENSDARG00000094992	1	1	0	0	2
ENSDARG00000095057	1	0	0	0	1
ENSDARG00000095170	0	0	1	0	1
ENSDARG00000095224	0	0	1	0	1
ENSDARG00000095254	0	0	0	1	1
ENSDARG00000095580	0	0	0	1	1
ENSDARG00000095603	1	0	0	0	1
ENSDARG00000095615	1	0	0	1	2
ENSDARG00000095675	0	0	1	1	2
ENSDARG00000095807	1	0	1	0	2
ENSDARG00000095969	0	0	1	0	1
ENSDARG00000096210	1	0	0	0	1
ENSDARG00000096365	0	0	0	1	1
ENSDARG00000096662	0	0	1	1	2
ENSDARG00000097098	1	0	0	0	1
ENSDARG00000097299	1	0	1	0	2
ENSDARG00000097483	1	0	0	0	1
ENSDARG00000097630	1	0	1	0	2
ENSDARG00000097766	0	0	1	0	1
ENSDARG00000097897	1	0	0	0	1
ENSDARG00000098017	0	0	1	0	1
ENSDARG00000098063	0	0	0	1	1
ENSDARG00000098118	0	0	1	0	1
ENSDARG00000098135	0	0	1	0	1
ENSDARG00000098141	0	0	0	1	1
ENSDARG00000098194	0	1	1	0	2
ENSDARG00000098201	0	0	1	0	1
ENSDARG00000098221	1	0	0	0	1
ENSDARG00000098224	0	0	0	1	1
ENSDARG00000098228	0	0	1	0	1
ENSDARG00000098233	1	0	1	0	2
ENSDARG00000098240	0	1	1	0	2
ENSDARG00000098257	0	0	0	1	1
ENSDARG00000098280	0	0	1	0	1
ENSDARG00000098286	0	0	1	0	1
ENSDARG00000098313	0	0	0	1	1
ENSDARG00000098317	1	0	1	0	2
ENSDARG00000098334	0	0	1	0	1
ENSDARG00000098349	0	0	0	1	1
ENSDARG00000098359	0	0	0	1	1
ENSDARG00000098368	0	0	1	0	1
ENSDARG00000098374	1	0	0	0	1
ENSDARG00000098386	0	0	1	0	1
ENSDARG00000098392	0	0	1	0	1
ENSDARG00000098424	0	0	0	1	1
ENSDARG00000098529	0	0	0	1	1
ENSDARG00000098573	1	0	1	0	2
ENSDARG00000098586	1	0	0	0	1
ENSDARG00000098588	1	0	0	0	1
ENSDARG00000098589	0	0	1	0	1
ENSDARG00000098620	1	0	1	0	2
ENSDARG00000098641	1	0	0	0	1
ENSDARG00000098652	1	0	0	0	1
ENSDARG00000098654	0	0	0	1	1
ENSDARG00000098670	0	0	1	0	1
ENSDARG00000098686	0	0	1	0	1
ENSDARG00000098745	0	0	1	0	1
ENSDARG00000098758	0	0	0	1	1
ENSDARG00000098766	0	0	1	0	1
ENSDARG00000098791	0	0	0	1	1
ENSDARG00000098834	0	0	1	0	1
ENSDARG00000098906	1	0	1	0	2
ENSDARG00000098932	0	0	1	0	1
ENSDARG00000098937	0	0	0	1	1
ENSDARG00000098954	1	0	1	0	2
ENSDARG00000099026	1	0	0	1	2
ENSDARG00000099084	0	0	1	0	1
ENSDARG00000099088	0	0	0	1	1
ENSDARG00000099093	1	0	0	0	1
ENSDARG00000099183	0	0	1	0	1
ENSDARG00000099186	0	0	1	0	1
ENSDARG00000099213	0	0	1	0	1
ENSDARG00000099235	1	0	0	0	1
ENSDARG00000099240	1	0	0	0	1
ENSDARG00000099329	0	0	1	0	1
ENSDARG00000099368	1	0	1	0	2
ENSDARG00000099374	0	0	1	1	2
ENSDARG00000099389	0	0	1	0	1
ENSDARG00000099395	0	0	1	0	1
ENSDARG00000099396	1	1	1	0	3
ENSDARG00000099430	0	0	1	0	1
ENSDARG00000099441	0	0	1	0	1
ENSDARG00000099448	0	0	1	0	1
ENSDARG00000099466	1	0	0	0	1
ENSDARG00000099541	1	0	0	0	1
ENSDARG00000099545	1	0	0	0	1
ENSDARG00000099547	0	0	1	0	1
ENSDARG00000099566	0	0	0	1	1
ENSDARG00000099568	0	0	1	0	1
ENSDARG00000099572	0	0	1	0	1
ENSDARG00000099609	0	0	1	0	1
ENSDARG00000099635	0	0	1	1	2
ENSDARG00000099637	0	0	1	0	1
ENSDARG00000099657	1	0	0	1	2
ENSDARG00000099677	0	0	1	1	2
ENSDARG00000099694	1	0	1	0	2
ENSDARG00000099718	0	0	1	0	1
ENSDARG00000099730	0	0	0	1	1
ENSDARG00000099757	0	0	1	0	1
ENSDARG00000099767	0	0	1	0	1
ENSDARG00000099776	1	0	0	0	1
ENSDARG00000099817	0	0	1	0	1
ENSDARG00000099840	0	0	1	1	2
ENSDARG00000099871	0	0	1	0	1
ENSDARG00000099930	1	0	0	0	1
ENSDARG00000100013	0	0	0	1	1
ENSDARG00000100019	0	0	1	0	1
ENSDARG00000100020	0	0	0	1	1
ENSDARG00000100053	0	0	0	1	1
ENSDARG00000100083	0	0	1	1	2
ENSDARG00000100093	0	0	1	0	1
ENSDARG00000100096	0	0	1	0	1
ENSDARG00000100097	0	0	1	0	1
ENSDARG00000100112	1	0	0	0	1
ENSDARG00000100143	0	0	1	0	1
ENSDARG00000100149	0	0	0	1	1
ENSDARG00000100161	0	0	1	0	1
ENSDARG00000100222	1	0	1	1	3
ENSDARG00000100232	0	0	1	0	1
ENSDARG00000100244	1	1	0	1	3
ENSDARG00000100274	1	0	0	0	1
ENSDARG00000100280	0	0	0	1	1
ENSDARG00000100304	0	0	1	0	1
ENSDARG00000100375	0	0	1	0	1
ENSDARG00000100398	0	1	0	1	2
ENSDARG00000100451	0	0	1	1	2
ENSDARG00000100479	1	0	0	0	1
ENSDARG00000100498	0	0	1	0	1
ENSDARG00000100524	1	0	0	0	1
ENSDARG00000100535	0	0	1	0	1
ENSDARG00000100555	0	0	1	0	1
ENSDARG00000100594	0	0	0	1	1
ENSDARG00000100642	0	0	0	1	1
ENSDARG00000100658	1	0	0	0	1
ENSDARG00000100674	0	0	1	1	2
ENSDARG00000100679	0	0	1	0	1
ENSDARG00000100694	0	0	1	0	1
ENSDARG00000100708	0	0	0	1	1
ENSDARG00000100718	1	0	0	0	1
ENSDARG00000100725	1	0	1	1	3
ENSDARG00000100739	1	0	1	0	2
ENSDARG00000100793	1	0	0	0	1
ENSDARG00000100854	0	0	1	0	1
ENSDARG00000100887	1	0	0	0	1
ENSDARG00000100897	0	0	1	0	1
ENSDARG00000100904	0	0	1	1	2
ENSDARG00000100908	1	0	1	0	2
ENSDARG00000100952	1	0	1	1	3
ENSDARG00000100965	0	0	1	0	1
ENSDARG00000100973	1	0	1	0	2
ENSDARG00000101008	1	0	0	0	1
ENSDARG00000101019	0	0	1	0	1
ENSDARG00000101023	0	0	1	0	1
ENSDARG00000101059	0	0	0	1	1
ENSDARG00000101076	1	0	1	0	2
ENSDARG00000101079	1	0	1	0	2
ENSDARG00000101081	0	0	1	0	1
ENSDARG00000101087	1	0	1	1	3
ENSDARG00000101089	1	0	0	0	1
ENSDARG00000101104	0	0	0	1	1
ENSDARG00000101109	0	0	1	0	1
ENSDARG00000101110	1	0	0	0	1
ENSDARG00000101118	1	0	1	0	2
ENSDARG00000101131	0	0	1	0	1
ENSDARG00000101143	0	0	1	0	1
ENSDARG00000101203	0	0	1	0	1
ENSDARG00000101209	0	0	1	0	1
ENSDARG00000101239	0	0	0	1	1
ENSDARG00000101244	0	0	1	0	1
ENSDARG00000101279	0	0	1	0	1
ENSDARG00000101281	1	0	0	0	1
ENSDARG00000101312	1	0	0	0	1
ENSDARG00000101471	0	0	1	0	1
ENSDARG00000101508	0	0	1	0	1
ENSDARG00000101512	1	0	0	0	1
ENSDARG00000101522	0	0	0	1	1
ENSDARG00000101569	1	0	0	0	1
ENSDARG00000101576	0	0	1	0	1
ENSDARG00000101624	1	0	1	1	3
ENSDARG00000101637	0	0	1	1	2
ENSDARG00000101660	0	0	1	0	1
ENSDARG00000101669	1	0	1	1	3
ENSDARG00000101706	0	1	0	0	1
ENSDARG00000101749	0	0	0	1	1
ENSDARG00000101752	1	0	1	0	2
ENSDARG00000101757	1	0	1	1	3
ENSDARG00000101769	0	0	1	0	1
ENSDARG00000101816	0	0	0	1	1
ENSDARG00000101831	1	0	1	0	2
ENSDARG00000101891	0	0	1	0	1
ENSDARG00000101900	1	0	0	0	1
ENSDARG00000101908	0	0	1	1	2
ENSDARG00000101910	0	0	1	0	1
ENSDARG00000102012	1	0	0	0	1
ENSDARG00000102029	0	0	1	0	1
ENSDARG00000102047	0	0	1	1	2
ENSDARG00000102068	1	0	0	1	2
ENSDARG00000102070	1	0	0	0	1
ENSDARG00000102100	0	0	1	0	1
ENSDARG00000102111	0	0	1	0	1
ENSDARG00000102138	0	0	1	1	2
ENSDARG00000102161	0	0	1	0	1
ENSDARG00000102180	1	0	1	0	2
ENSDARG00000102184	0	0	1	0	1
ENSDARG00000102200	0	0	1	0	1
ENSDARG00000102216	0	0	1	0	1
ENSDARG00000102241	0	0	1	1	2
ENSDARG00000102252	1	0	1	0	2
ENSDARG00000102261	1	0	0	1	2
ENSDARG00000102277	0	0	1	0	1
ENSDARG00000102291	1	0	0	0	1
ENSDARG00000102295	0	0	1	1	2
ENSDARG00000102367	1	0	0	0	1
ENSDARG00000102372	1	0	0	1	2
ENSDARG00000102398	0	0	1	0	1
ENSDARG00000102430	1	0	1	0	2
ENSDARG00000102445	0	0	1	0	1
ENSDARG00000102464	0	0	0	1	1
ENSDARG00000102471	0	0	1	0	1
ENSDARG00000102478	0	0	1	0	1
ENSDARG00000102493	0	0	1	0	1
ENSDARG00000102501	0	0	1	0	1
ENSDARG00000102506	0	0	1	0	1
ENSDARG00000102554	0	0	0	1	1
ENSDARG00000102555	0	0	1	0	1
ENSDARG00000102568	0	0	0	1	1
ENSDARG00000102578	0	0	1	0	1
ENSDARG00000102658	0	0	1	0	1
ENSDARG00000102701	1	0	1	0	2
ENSDARG00000102702	0	0	1	0	1
ENSDARG00000102724	1	0	0	0	1
ENSDARG00000102729	1	0	1	0	2
ENSDARG00000102742	1	0	0	1	2
ENSDARG00000102750	0	0	0	1	1
ENSDARG00000102759	0	0	0	1	1
ENSDARG00000102761	0	0	1	0	1
ENSDARG00000102778	0	0	1	0	1
ENSDARG00000102805	0	0	1	0	1
ENSDARG00000102820	0	0	1	0	1
ENSDARG00000102822	0	0	1	0	1
ENSDARG00000102824	1	0	1	1	3
ENSDARG00000102855	0	0	1	0	1
ENSDARG00000102879	0	0	1	0	1
ENSDARG00000102883	1	0	1	1	3
ENSDARG00000102885	0	0	1	0	1
ENSDARG00000102906	0	0	1	0	1
ENSDARG00000102911	0	0	1	0	1
ENSDARG00000102914	0	0	1	0	1
ENSDARG00000102929	1	0	0	0	1
ENSDARG00000102956	0	0	1	0	1
ENSDARG00000102960	0	0	1	0	1
ENSDARG00000102975	0	0	1	0	1
ENSDARG00000102998	1	0	1	1	3
ENSDARG00000103021	0	0	1	0	1
ENSDARG00000103044	0	0	0	1	1
ENSDARG00000103054	0	0	1	0	1
ENSDARG00000103056	1	0	1	1	3
ENSDARG00000103057	1	0	0	1	2
ENSDARG00000103108	0	0	1	0	1
ENSDARG00000103148	0	0	1	1	2
ENSDARG00000103248	1	0	0	0	1
ENSDARG00000103277	1	0	1	0	2
ENSDARG00000103288	0	0	1	0	1
ENSDARG00000103313	0	0	0	1	1
ENSDARG00000103361	0	1	0	0	1
ENSDARG00000103379	0	0	1	0	1
ENSDARG00000103388	1	0	1	0	2
ENSDARG00000103399	1	0	0	0	1
ENSDARG00000103405	1	0	0	0	1
ENSDARG00000103422	0	0	1	0	1
ENSDARG00000103424	0	0	1	0	1
ENSDARG00000103464	0	0	1	0	1
ENSDARG00000103470	0	0	0	1	1
ENSDARG00000103479	0	1	0	1	2
ENSDARG00000103490	0	0	0	1	1
ENSDARG00000103515	0	0	1	0	1
ENSDARG00000103516	0	0	1	0	1
ENSDARG00000103542	1	0	0	0	1
ENSDARG00000103554	1	0	1	0	2
ENSDARG00000103576	0	0	1	1	2
ENSDARG00000103606	0	0	1	0	1
ENSDARG00000103607	0	0	1	0	1
ENSDARG00000103648	1	0	0	1	2
ENSDARG00000103650	0	0	1	0	1
ENSDARG00000103735	0	0	1	0	1
ENSDARG00000103746	1	0	1	0	2
ENSDARG00000103750	0	1	1	1	3
ENSDARG00000103762	0	1	0	0	1
ENSDARG00000103770	0	0	1	0	1
ENSDARG00000103800	1	0	1	0	2
ENSDARG00000103811	0	0	1	0	1
ENSDARG00000103830	0	0	0	1	1
ENSDARG00000103845	0	0	1	1	2
ENSDARG00000103862	0	0	1	0	1
ENSDARG00000103868	1	0	0	0	1
ENSDARG00000103900	0	0	1	0	1
ENSDARG00000103914	0	0	1	0	1
ENSDARG00000103953	0	0	1	0	1
ENSDARG00000103959	0	0	1	0	1
ENSDARG00000103962	1	0	1	0	2
ENSDARG00000103980	0	0	1	0	1
ENSDARG00000103985	0	0	0	1	1
ENSDARG00000103988	0	0	1	0	1
ENSDARG00000103994	0	0	1	0	1
ENSDARG00000104022	0	0	1	0	1
ENSDARG00000104031	0	0	1	0	1
ENSDARG00000104068	1	0	0	0	1
ENSDARG00000104085	0	0	1	0	1
ENSDARG00000104094	0	0	1	0	1
ENSDARG00000104110	0	0	1	0	1
ENSDARG00000104117	0	0	1	0	1
ENSDARG00000104118	0	0	1	0	1
ENSDARG00000104119	0	0	0	1	1
ENSDARG00000104149	1	0	1	1	3
ENSDARG00000104186	1	0	0	0	1
ENSDARG00000104207	0	0	1	0	1
ENSDARG00000104223	1	0	1	0	2
ENSDARG00000104227	0	0	1	0	1
ENSDARG00000104255	0	0	1	0	1
ENSDARG00000104263	0	0	1	0	1
ENSDARG00000104267	1	0	0	0	1
ENSDARG00000104279	0	0	1	0	1
ENSDARG00000104283	0	0	1	0	1
ENSDARG00000104295	1	0	0	0	1
ENSDARG00000104300	0	0	1	0	1
ENSDARG00000104361	0	1	1	1	3
ENSDARG00000104384	0	0	1	0	1
ENSDARG00000104399	1	0	0	0	1
ENSDARG00000104431	0	1	1	1	3
ENSDARG00000104435	0	0	1	0	1
ENSDARG00000104437	1	0	0	0	1
ENSDARG00000104442	0	0	1	0	1
ENSDARG00000104448	1	0	1	1	3
ENSDARG00000104453	0	0	1	0	1
ENSDARG00000104470	1	0	0	0	1
ENSDARG00000104487	0	0	1	0	1
ENSDARG00000104531	0	0	1	0	1
ENSDARG00000104559	0	0	0	1	1
ENSDARG00000104567	1	0	1	0	2
ENSDARG00000104573	0	0	1	0	1
ENSDARG00000104574	0	0	1	0	1
ENSDARG00000104637	1	0	0	0	1
ENSDARG00000104665	0	0	1	1	2
ENSDARG00000104678	1	0	0	0	1
ENSDARG00000104700	0	0	1	1	2
ENSDARG00000104701	0	0	1	0	1
ENSDARG00000104710	1	0	1	1	3
ENSDARG00000104730	1	1	1	1	4
ENSDARG00000104734	0	0	1	0	1
ENSDARG00000104773	1	0	0	0	1
ENSDARG00000104808	0	1	0	0	1
ENSDARG00000104815	0	0	0	1	1
ENSDARG00000104924	0	0	1	0	1
ENSDARG00000104959	1	0	0	0	1
ENSDARG00000104961	1	0	1	1	3
ENSDARG00000104995	0	0	1	0	1
ENSDARG00000105018	0	0	1	0	1
ENSDARG00000105046	0	0	0	1	1
ENSDARG00000105050	0	0	1	0	1
ENSDARG00000105071	0	0	1	0	1
ENSDARG00000105080	0	0	1	0	1
ENSDARG00000105088	0	0	1	0	1
ENSDARG00000105131	1	0	1	1	3
ENSDARG00000105141	0	1	0	0	1
ENSDARG00000105179	0	0	1	0	1
ENSDARG00000105184	0	0	1	1	2
ENSDARG00000105190	0	0	0	1	1
ENSDARG00000105208	0	0	1	0	1
ENSDARG00000105215	0	0	1	0	1
ENSDARG00000105223	0	0	0	1	1
ENSDARG00000105237	0	0	1	0	1
ENSDARG00000105239	0	0	1	0	1
